date,commodity,commodity_id,state,state_id,district,district_id,price_min,price_max,price_modal
2025-10-30,Potato,24,Uttar Pradesh,9,Pratapgarh,173,1000,1150,1060
2025-10-29,Potato,24,Uttar Pradesh,9,Pratapgarh,173,1000,1200,1050
2025-10-28,Potato,24,Uttar Pradesh,9,Pratapgarh,173,1000,1200,1060
2025-10-27,Potato,24,Uttar Pradesh,9,Pratapgarh,173,1000,1200,1050
2025-10-26,Potato,24,Uttar Pradesh,9,Pratapgarh,173,1000,1200,1070
2025-10-25,Potato,24,Uttar Pradesh,9,Pratapgarh,173,1000,1250,1080
2025-10-24,Potato,24,Uttar Pradesh,9,Pratapgarh,173,1000,1200,1065
2025-10-23,Potato,24,Uttar Pradesh,9,Pratapgarh,173,1000,1150,1060
2025-10-21,Potato,24,Uttar Pradesh,9,Pratapgarh,173,1000,1200,1040
2025-10-20,Potato,24,Uttar Pradesh,9,Pratapgarh,173,1000,1200,1075
2025-10-18,Potato,24,Uttar Pradesh,9,Pratapgarh,173,1000,1150,1050
2025-10-17,Potato,24,Uttar Pradesh,9,Pratapgarh,173,900,1100,955
2025-10-16,Potato,24,Uttar Pradesh,9,Pratapgarh,173,900,1100,960
2025-10-15,Potato,24,Uttar Pradesh,9,Pratapgarh,173,900,1150,955
2025-10-14,Potato,24,Uttar Pradesh,9,Pratapgarh,173,900,1100,960
2025-10-13,Potato,24,Uttar Pradesh,9,Pratapgarh,173,900,1100,950
2025-10-12,Potato,24,Uttar Pradesh,9,Pratapgarh,173,900,1100,940
2025-10-11,Potato,24,Uttar Pradesh,9,Pratapgarh,173,900,1150,950
2025-10-10,Potato,24,Uttar Pradesh,9,Pratapgarh,173,900,1100,945
2025-10-09,Potato,24,Uttar Pradesh,9,Pratapgarh,173,900,1100,950
2025-10-08,Potato,24,Uttar Pradesh,9,Pratapgarh,173,900,1100,955
2025-10-07,Potato,24,Uttar Pradesh,9,Pratapgarh,173,900,1050,930
2025-10-06,Potato,24,Uttar Pradesh,9,Pratapgarh,173,900,1100,940
2025-10-05,Potato,24,Uttar Pradesh,9,Pratapgarh,173,900,1050,940
2025-10-04,Potato,24,Uttar Pradesh,9,Pratapgarh,173,900,1000,935
2025-10-03,Potato,24,Uttar Pradesh,9,Pratapgarh,173,900,1050,925
2025-10-02,Potato,24,Uttar Pradesh,9,Pratapgarh,173,850,1050,920
2025-09-30,Potato,24,Uttar Pradesh,9,Pratapgarh,173,900,1100,945
2025-09-29,Potato,24,Uttar Pradesh,9,Pratapgarh,173,900,1050,940
2025-09-28,Potato,24,Uttar Pradesh,9,Pratapgarh,173,900,1050,930
2025-09-27,Potato,24,Uttar Pradesh,9,Pratapgarh,173,900,1050,925
2025-09-26,Potato,24,Uttar Pradesh,9,Pratapgarh,173,850,1100,935
2025-09-25,Potato,24,Uttar Pradesh,9,Pratapgarh,173,900,1050,930
2025-09-24,Potato,24,Uttar Pradesh,9,Pratapgarh,173,900,1100,940
2025-09-23,Potato,24,Uttar Pradesh,9,Pratapgarh,173,900,1050,945
2025-09-22,Potato,24,Uttar Pradesh,9,Pratapgarh,173,900,1050,940
2025-09-20,Potato,24,Uttar Pradesh,9,Pratapgarh,173,900,1050,935
2025-09-19,Potato,24,Uttar Pradesh,9,Pratapgarh,173,900,1150,930
2025-09-18,Potato,24,Uttar Pradesh,9,Pratapgarh,173,900,1050,925
2025-09-17,Potato,24,Uttar Pradesh,9,Pratapgarh,173,900,1050,940
2025-09-16,Potato,24,Uttar Pradesh,9,Pratapgarh,173,900,1100,935
2025-09-14,Potato,24,Uttar Pradesh,9,Pratapgarh,173,850,1050,920
2025-09-13,Potato,24,Uttar Pradesh,9,Pratapgarh,173,850,1050,900
2025-09-12,Potato,24,Uttar Pradesh,9,Pratapgarh,173,850,1050,900
2025-09-11,Potato,24,Uttar Pradesh,9,Pratapgarh,173,900,1100,935
2025-09-10,Potato,24,Uttar Pradesh,9,Pratapgarh,173,900,1150,950
2025-09-09,Potato,24,Uttar Pradesh,9,Pratapgarh,173,900,1150,950
2025-09-08,Potato,24,Uttar Pradesh,9,Pratapgarh,173,900,1100,945
2025-09-07,Potato,24,Uttar Pradesh,9,Pratapgarh,173,900,1150,950
2025-09-06,Potato,24,Uttar Pradesh,9,Pratapgarh,173,900,1150,950
2025-09-05,Potato,24,Uttar Pradesh,9,Pratapgarh,173,900,1100,950
2025-09-04,Potato,24,Uttar Pradesh,9,Pratapgarh,173,900,1100,960
2025-09-03,Potato,24,Uttar Pradesh,9,Pratapgarh,173,900,1050,950
2025-09-02,Potato,24,Uttar Pradesh,9,Pratapgarh,173,900,1150,960
2025-09-01,Potato,24,Uttar Pradesh,9,Pratapgarh,173,900,1100,970
2025-08-31,Potato,24,Uttar Pradesh,9,Pratapgarh,173,950,1100,980
2025-08-30,Potato,24,Uttar Pradesh,9,Pratapgarh,173,900,1050,970
2025-08-29,Potato,24,Uttar Pradesh,9,Pratapgarh,173,900,1100,980
2025-08-28,Potato,24,Uttar Pradesh,9,Pratapgarh,173,950,1100,1020
2025-08-27,Potato,24,Uttar Pradesh,9,Pratapgarh,173,950,1100,1000
2025-08-26,Potato,24,Uttar Pradesh,9,Pratapgarh,173,950,1100,1025
2025-08-25,Potato,24,Uttar Pradesh,9,Pratapgarh,173,900,1100,1020
2025-08-24,Potato,24,Uttar Pradesh,9,Pratapgarh,173,950,1100,1000
2025-08-23,Potato,24,Uttar Pradesh,9,Pratapgarh,173,950,1150,990
2025-08-22,Potato,24,Uttar Pradesh,9,Pratapgarh,173,900,1150,1000
2025-08-21,Potato,24,Uttar Pradesh,9,Pratapgarh,173,950,1150,1030
2025-08-20,Potato,24,Uttar Pradesh,9,Pratapgarh,173,950,1150,990
2025-08-19,Potato,24,Uttar Pradesh,9,Pratapgarh,173,900,1150,1000
2025-08-18,Potato,24,Uttar Pradesh,9,Pratapgarh,173,1000,1200,1025
2025-08-17,Potato,24,Uttar Pradesh,9,Pratapgarh,173,960,1100,1000
2025-08-16,Potato,24,Uttar Pradesh,9,Pratapgarh,173,950,1100,1020
2025-08-15,Potato,24,Uttar Pradesh,9,Pratapgarh,173,950,1100,1020
2025-08-14,Potato,24,Uttar Pradesh,9,Pratapgarh,173,950,1150,1000
2025-08-13,Potato,24,Uttar Pradesh,9,Pratapgarh,173,900,1100,980
2025-08-12,Potato,24,Uttar Pradesh,9,Pratapgarh,173,900,1050,990
2025-08-11,Potato,24,Uttar Pradesh,9,Pratapgarh,173,900,1100,1000
2025-08-10,Potato,24,Uttar Pradesh,9,Pratapgarh,173,900,1050,985
2025-08-09,Potato,24,Uttar Pradesh,9,Pratapgarh,173,900,1050,980
2025-08-08,Potato,24,Uttar Pradesh,9,Pratapgarh,173,900,1100,1000
2025-08-07,Potato,24,Uttar Pradesh,9,Pratapgarh,173,950,1150,1015
2025-08-06,Potato,24,Uttar Pradesh,9,Pratapgarh,173,950,1100,1000
2025-08-05,Potato,24,Uttar Pradesh,9,Pratapgarh,173,1000,1200,1025
2025-08-04,Potato,24,Uttar Pradesh,9,Pratapgarh,173,980,1200,1020
2025-08-03,Potato,24,Uttar Pradesh,9,Pratapgarh,173,900,1150,1000
2025-08-02,Potato,24,Uttar Pradesh,9,Pratapgarh,173,980,1125,1000
2025-08-01,Potato,24,Uttar Pradesh,9,Pratapgarh,173,1000,1200,1040
2025-07-31,Potato,24,Uttar Pradesh,9,Pratapgarh,173,1000,1200,1070
2025-07-30,Potato,24,Uttar Pradesh,9,Pratapgarh,173,1000,1150,1080
2025-07-29,Potato,24,Uttar Pradesh,9,Pratapgarh,173,1000,1250,1100
2025-07-28,Potato,24,Uttar Pradesh,9,Pratapgarh,173,1100,1300,1180
2025-07-27,Potato,24,Uttar Pradesh,9,Pratapgarh,173,1100,1350,1190
2025-07-26,Potato,24,Uttar Pradesh,9,Pratapgarh,173,1150,1300,1185
2025-07-25,Potato,24,Uttar Pradesh,9,Pratapgarh,173,1100,1300,1190
2025-07-24,Potato,24,Uttar Pradesh,9,Pratapgarh,173,1100,1350,1200
2025-07-23,Potato,24,Uttar Pradesh,9,Pratapgarh,173,1200,1350,1235
2025-07-22,Potato,24,Uttar Pradesh,9,Pratapgarh,173,1200,1450,1230
2025-07-21,Potato,24,Uttar Pradesh,9,Pratapgarh,173,1200,1350,1250
2025-07-19,Potato,24,Uttar Pradesh,9,Pratapgarh,173,1200,1350,1260
2025-07-18,Potato,24,Uttar Pradesh,9,Pratapgarh,173,1200,1350,1250
2025-07-17,Potato,24,Uttar Pradesh,9,Pratapgarh,173,1200,1400,1260
2025-07-16,Potato,24,Uttar Pradesh,9,Pratapgarh,173,1200,1350,1255
2025-07-15,Potato,24,Uttar Pradesh,9,Pratapgarh,173,1200,1350,1260
2025-07-14,Potato,24,Uttar Pradesh,9,Pratapgarh,173,1200,1350,1250
2025-07-13,Potato,24,Uttar Pradesh,9,Pratapgarh,173,1200,1350,1260
2025-07-12,Potato,24,Uttar Pradesh,9,Pratapgarh,173,1200,1400,1250
2025-07-11,Potato,24,Uttar Pradesh,9,Pratapgarh,173,1200,1350,1245
2025-07-10,Potato,24,Uttar Pradesh,9,Pratapgarh,173,1200,1350,1240
2025-07-09,Potato,24,Uttar Pradesh,9,Pratapgarh,173,1200,1350,1250
2025-07-08,Potato,24,Uttar Pradesh,9,Pratapgarh,173,1200,1350,1240
2025-07-06,Potato,24,Uttar Pradesh,9,Pratapgarh,173,1200,1350,1240
2025-07-05,Potato,24,Uttar Pradesh,9,Pratapgarh,173,1200,1350,1230
2025-07-04,Potato,24,Uttar Pradesh,9,Pratapgarh,173,1200,1350,1240
2025-07-03,Potato,24,Uttar Pradesh,9,Pratapgarh,173,1150,1300,1230
2025-07-02,Potato,24,Uttar Pradesh,9,Pratapgarh,173,1200,1350,1240
2025-07-01,Potato,24,Uttar Pradesh,9,Pratapgarh,173,1200,1350,1250
2025-06-30,Potato,24,Uttar Pradesh,9,Pratapgarh,173,1200,1350,1245
2025-06-29,Potato,24,Uttar Pradesh,9,Pratapgarh,173,1200,1350,1240
2025-06-28,Potato,24,Uttar Pradesh,9,Pratapgarh,173,1200,1350,1230
2025-06-27,Potato,24,Uttar Pradesh,9,Pratapgarh,173,1200,1350,1235
2025-06-26,Potato,24,Uttar Pradesh,9,Pratapgarh,173,1200,1300,1240
2025-06-25,Potato,24,Uttar Pradesh,9,Pratapgarh,173,1200,1400,1270
2025-06-24,Potato,24,Uttar Pradesh,9,Pratapgarh,173,1200,1400,1280
2025-06-23,Potato,24,Uttar Pradesh,9,Pratapgarh,173,1200,1400,1280
2025-06-22,Potato,24,Uttar Pradesh,9,Pratapgarh,173,1200,1350,1270
2025-06-21,Potato,24,Uttar Pradesh,9,Pratapgarh,173,1200,1350,1275
2025-06-20,Potato,24,Uttar Pradesh,9,Pratapgarh,173,1200,1450,1280
2025-06-19,Potato,24,Uttar Pradesh,9,Pratapgarh,173,1200,1350,1290
2025-06-18,Potato,24,Uttar Pradesh,9,Pratapgarh,173,1200,1350,1280
2025-06-17,Potato,24,Uttar Pradesh,9,Pratapgarh,173,1200,1450,1285
2025-06-16,Potato,24,Uttar Pradesh,9,Pratapgarh,173,1200,1350,1280
2025-06-15,Potato,24,Uttar Pradesh,9,Pratapgarh,173,1200,1350,1285
2025-06-14,Potato,24,Uttar Pradesh,9,Pratapgarh,173,1200,1400,1275
2025-06-13,Potato,24,Uttar Pradesh,9,Pratapgarh,173,1200,1400,1290
2025-06-12,Potato,24,Uttar Pradesh,9,Pratapgarh,173,1200,1350,1290
2025-06-11,Potato,24,Uttar Pradesh,9,Pratapgarh,173,1200,1350,1290
2025-06-10,Potato,24,Uttar Pradesh,9,Pratapgarh,173,1200,1350,1280
2025-06-09,Potato,24,Uttar Pradesh,9,Pratapgarh,173,1200,1350,1275
2025-06-08,Potato,24,Uttar Pradesh,9,Pratapgarh,173,1200,1350,1270
2025-06-07,Potato,24,Uttar Pradesh,9,Pratapgarh,173,1200,1350,1250
2025-06-06,Potato,24,Uttar Pradesh,9,Pratapgarh,173,1200,1350,1260
2025-06-05,Potato,24,Uttar Pradesh,9,Pratapgarh,173,1200,1350,1250
2025-06-04,Potato,24,Uttar Pradesh,9,Pratapgarh,173,1200,1350,1250
2025-06-03,Potato,24,Uttar Pradesh,9,Pratapgarh,173,1200,1350,1240
2025-06-01,Potato,24,Uttar Pradesh,9,Pratapgarh,173,1200,1350,1230
2025-05-31,Potato,24,Uttar Pradesh,9,Pratapgarh,173,1200,1350,1240
2025-05-30,Potato,24,Uttar Pradesh,9,Pratapgarh,173,1200,1350,1250
2025-05-29,Potato,24,Uttar Pradesh,9,Pratapgarh,173,1200,1350,1240
2025-05-28,Potato,24,Uttar Pradesh,9,Pratapgarh,173,1200,1350,1230
2025-05-27,Potato,24,Uttar Pradesh,9,Pratapgarh,173,1150,1300,1235
2025-05-26,Potato,24,Uttar Pradesh,9,Pratapgarh,173,1200,1350,1225
2025-05-24,Potato,24,Uttar Pradesh,9,Pratapgarh,173,1150,1350,1220
2025-05-23,Potato,24,Uttar Pradesh,9,Pratapgarh,173,1150,1350,1225
2025-05-22,Potato,24,Uttar Pradesh,9,Pratapgarh,173,1150,1300,1220
2025-05-21,Potato,24,Uttar Pradesh,9,Pratapgarh,173,1150,1350,1200
2025-05-20,Potato,24,Uttar Pradesh,9,Pratapgarh,173,1150,1350,1200
2025-05-19,Potato,24,Uttar Pradesh,9,Pratapgarh,173,1100,1300,1180
2025-05-18,Potato,24,Uttar Pradesh,9,Pratapgarh,173,1100,1250,1175
2025-05-17,Potato,24,Uttar Pradesh,9,Pratapgarh,173,1100,1350,1170
2025-05-16,Potato,24,Uttar Pradesh,9,Pratapgarh,173,1100,1250,1175
2025-05-15,Potato,24,Uttar Pradesh,9,Pratapgarh,173,1100,1300,1170
2025-05-14,Potato,24,Uttar Pradesh,9,Pratapgarh,173,1100,1250,1150
2025-05-13,Potato,24,Uttar Pradesh,9,Pratapgarh,173,1100,1300,1170
2025-05-09,Potato,24,Uttar Pradesh,9,Pratapgarh,173,1100,1250,1170
2025-05-08,Potato,24,Uttar Pradesh,9,Pratapgarh,173,1100,1250,1160
2025-05-07,Potato,24,Uttar Pradesh,9,Pratapgarh,173,1100,1250,1160
2025-05-06,Potato,24,Uttar Pradesh,9,Pratapgarh,173,1100,1300,1170
2025-05-05,Potato,24,Uttar Pradesh,9,Pratapgarh,173,1100,1250,1160
2025-05-03,Potato,24,Uttar Pradesh,9,Pratapgarh,173,1100,1300,1140
2025-05-02,Potato,24,Uttar Pradesh,9,Pratapgarh,173,1100,1250,1150
2025-05-01,Potato,24,Uttar Pradesh,9,Pratapgarh,173,1100,1250,1145
2025-04-30,Potato,24,Uttar Pradesh,9,Pratapgarh,173,1100,1250,1140
2025-04-29,Potato,24,Uttar Pradesh,9,Pratapgarh,173,1050,1200,1135
2025-04-28,Potato,24,Uttar Pradesh,9,Pratapgarh,173,1100,1250,1130
2025-04-27,Potato,24,Uttar Pradesh,9,Pratapgarh,173,1100,1250,1125
2025-04-26,Potato,24,Uttar Pradesh,9,Pratapgarh,173,1000,1250,1100
2025-04-25,Potato,24,Uttar Pradesh,9,Pratapgarh,173,1000,1200,1090
2025-04-24,Potato,24,Uttar Pradesh,9,Pratapgarh,173,1000,1200,1100
2025-04-23,Potato,24,Uttar Pradesh,9,Pratapgarh,173,1050,1200,1100
2025-04-22,Potato,24,Uttar Pradesh,9,Pratapgarh,173,1000,1200,1075
2025-04-21,Potato,24,Uttar Pradesh,9,Pratapgarh,173,1000,1200,1070
2025-04-20,Potato,24,Uttar Pradesh,9,Pratapgarh,173,1000,1200,1070
2025-04-19,Potato,24,Uttar Pradesh,9,Pratapgarh,173,1000,1200,1080
2025-04-18,Potato,24,Uttar Pradesh,9,Pratapgarh,173,1000,1150,1075
2025-04-17,Potato,24,Uttar Pradesh,9,Pratapgarh,173,1000,1150,1070
2025-04-16,Potato,24,Uttar Pradesh,9,Pratapgarh,173,1000,1200,1075
2025-04-15,Potato,24,Uttar Pradesh,9,Pratapgarh,173,1000,1150,1080
2025-04-14,Potato,24,Uttar Pradesh,9,Pratapgarh,173,1000,1200,1100
2025-04-11,Potato,24,Uttar Pradesh,9,Pratapgarh,173,1000,1200,1080
2025-04-10,Potato,24,Uttar Pradesh,9,Pratapgarh,173,1000,1200,1100
2025-04-09,Potato,24,Uttar Pradesh,9,Pratapgarh,173,1000,1250,1090
2025-04-08,Potato,24,Uttar Pradesh,9,Pratapgarh,173,1000,1250,1100
2025-04-07,Potato,24,Uttar Pradesh,9,Pratapgarh,173,1000,1250,1050
2025-04-06,Potato,24,Uttar Pradesh,9,Pratapgarh,173,1000,1200,1075
2025-04-05,Potato,24,Uttar Pradesh,9,Pratapgarh,173,1000,1250,1080
2025-04-04,Potato,24,Uttar Pradesh,9,Pratapgarh,173,1050,1200,1100
2025-04-03,Potato,24,Uttar Pradesh,9,Pratapgarh,173,1000,1150,1080
2025-04-02,Potato,24,Uttar Pradesh,9,Pratapgarh,173,1000,1250,1090
2025-04-01,Potato,24,Uttar Pradesh,9,Pratapgarh,173,1100,1250,1125
2025-03-31,Potato,24,Uttar Pradesh,9,Pratapgarh,173,1100,1250,1125
2025-03-27,Potato,24,Uttar Pradesh,9,Pratapgarh,173,1000,1200,1100
2025-03-26,Potato,24,Uttar Pradesh,9,Pratapgarh,173,1050,1150,1080
2025-03-25,Potato,24,Uttar Pradesh,9,Pratapgarh,173,1000,1200,1100
2025-03-24,Potato,24,Uttar Pradesh,9,Pratapgarh,173,1020,1200,1090
2025-03-23,Potato,24,Uttar Pradesh,9,Pratapgarh,173,1000,1150,1080
2025-03-22,Potato,24,Uttar Pradesh,9,Pratapgarh,173,1000,1200,1060
2025-03-21,Potato,24,Uttar Pradesh,9,Pratapgarh,173,1000,1200,1075
2025-03-20,Potato,24,Uttar Pradesh,9,Pratapgarh,173,1000,1200,1090
2025-03-19,Potato,24,Uttar Pradesh,9,Pratapgarh,173,1100,1250,1150
2025-03-18,Potato,24,Uttar Pradesh,9,Pratapgarh,173,1100,1250,1160
2025-03-17,Potato,24,Uttar Pradesh,9,Pratapgarh,173,1100,1250,1155
2025-03-16,Potato,24,Uttar Pradesh,9,Pratapgarh,173,1100,1250,1160
2025-03-15,Potato,24,Uttar Pradesh,9,Pratapgarh,173,1100,1250,1140
2025-03-14,Potato,24,Uttar Pradesh,9,Pratapgarh,173,1100,1250,1150
2025-03-12,Potato,24,Uttar Pradesh,9,Pratapgarh,173,1080,1300,1125
2025-03-11,Potato,24,Uttar Pradesh,9,Pratapgarh,173,1050,1250,1120
2025-03-10,Potato,24,Uttar Pradesh,9,Pratapgarh,173,1000,1250,1100
2025-03-09,Potato,24,Uttar Pradesh,9,Pratapgarh,173,1050,1250,1100
2025-03-08,Potato,24,Uttar Pradesh,9,Pratapgarh,173,1000,1300,1100
2025-03-07,Potato,24,Uttar Pradesh,9,Pratapgarh,173,1000,1200,1080
2025-03-06,Potato,24,Uttar Pradesh,9,Pratapgarh,173,1000,1200,1075
2025-03-05,Potato,24,Uttar Pradesh,9,Pratapgarh,173,1000,1200,1075
2025-03-04,Potato,24,Uttar Pradesh,9,Pratapgarh,173,1050,1250,1100
2025-03-03,Potato,24,Uttar Pradesh,9,Pratapgarh,173,1000,1200,1100
2025-03-02,Potato,24,Uttar Pradesh,9,Pratapgarh,173,1000,1150,1080
2025-03-01,Potato,24,Uttar Pradesh,9,Pratapgarh,173,1000,1250,1090
2025-02-28,Potato,24,Uttar Pradesh,9,Pratapgarh,173,1050,1250,1100
2025-02-27,Potato,24,Uttar Pradesh,9,Pratapgarh,173,1000,1200,1080
2025-02-26,Potato,24,Uttar Pradesh,9,Pratapgarh,173,1000,1200,1070
2025-02-25,Potato,24,Uttar Pradesh,9,Pratapgarh,173,1000,1200,1050
2025-02-24,Potato,24,Uttar Pradesh,9,Pratapgarh,173,950,1250,1020
2025-02-23,Potato,24,Uttar Pradesh,9,Pratapgarh,173,1000,1200,1050
2025-02-22,Potato,24,Uttar Pradesh,9,Pratapgarh,173,900,1200,1000
2025-02-21,Potato,24,Uttar Pradesh,9,Pratapgarh,173,1000,1200,1050
2025-02-20,Potato,24,Uttar Pradesh,9,Pratapgarh,173,950,1150,1020
2025-02-19,Potato,24,Uttar Pradesh,9,Pratapgarh,173,900,1150,1000
2025-02-18,Potato,24,Uttar Pradesh,9,Pratapgarh,173,950,1100,1020
2025-02-17,Potato,24,Uttar Pradesh,9,Pratapgarh,173,950,1100,1020
2025-02-16,Potato,24,Uttar Pradesh,9,Pratapgarh,173,900,1050,970
2025-02-15,Potato,24,Uttar Pradesh,9,Pratapgarh,173,900,1100,975
2025-02-14,Potato,24,Uttar Pradesh,9,Pratapgarh,173,900,1100,985
2025-02-13,Potato,24,Uttar Pradesh,9,Pratapgarh,173,900,1150,990
2025-02-11,Potato,24,Uttar Pradesh,9,Pratapgarh,173,950,1100,1020
2025-02-10,Potato,24,Uttar Pradesh,9,Pratapgarh,173,900,1200,1000
2025-02-09,Potato,24,Uttar Pradesh,9,Pratapgarh,173,1000,1150,1030
2025-02-08,Potato,24,Uttar Pradesh,9,Pratapgarh,173,1000,1200,1025
2025-02-07,Potato,24,Uttar Pradesh,9,Pratapgarh,173,900,1150,1020
2025-02-06,Potato,24,Uttar Pradesh,9,Pratapgarh,173,900,1200,1000
2025-02-05,Potato,24,Uttar Pradesh,9,Pratapgarh,173,950,1100,1025
2025-02-04,Potato,24,Uttar Pradesh,9,Pratapgarh,173,1000,1200,1080
2025-02-03,Potato,24,Uttar Pradesh,9,Pratapgarh,173,1000,1200,1090
2025-02-02,Potato,24,Uttar Pradesh,9,Pratapgarh,173,1050,1250,1100
2025-02-01,Potato,24,Uttar Pradesh,9,Pratapgarh,173,1000,1250,1080
2025-01-31,Potato,24,Uttar Pradesh,9,Pratapgarh,173,1000,1200,1050
2025-01-30,Potato,24,Uttar Pradesh,9,Pratapgarh,173,1020,1200,1100
2025-01-29,Potato,24,Uttar Pradesh,9,Pratapgarh,173,1050,1200,1160
2025-01-28,Potato,24,Uttar Pradesh,9,Pratapgarh,173,1100,1250,1150
2025-01-27,Potato,24,Uttar Pradesh,9,Pratapgarh,173,1050,1200,1100
2025-01-25,Potato,24,Uttar Pradesh,9,Pratapgarh,173,1100,1300,1160
2025-01-24,Potato,24,Uttar Pradesh,9,Pratapgarh,173,1000,1250,1150
2025-01-23,Potato,24,Uttar Pradesh,9,Pratapgarh,173,1100,1350,1180
2025-01-22,Potato,24,Uttar Pradesh,9,Pratapgarh,173,1100,1300,1200
2025-01-21,Potato,24,Uttar Pradesh,9,Pratapgarh,173,1100,1350,1175
2025-01-20,Potato,24,Uttar Pradesh,9,Pratapgarh,173,1100,1300,1200
2025-01-19,Potato,24,Uttar Pradesh,9,Pratapgarh,173,1100,1300,1220
2025-01-18,Potato,24,Uttar Pradesh,9,Pratapgarh,173,1200,1350,1240
2025-01-17,Potato,24,Uttar Pradesh,9,Pratapgarh,173,1200,1350,1280
2025-01-16,Potato,24,Uttar Pradesh,9,Pratapgarh,173,1250,1450,1300
2025-01-15,Potato,24,Uttar Pradesh,9,Pratapgarh,173,1300,1450,1325
2025-01-14,Potato,24,Uttar Pradesh,9,Pratapgarh,173,1300,1450,1340
2025-01-13,Potato,24,Uttar Pradesh,9,Pratapgarh,173,1300,1450,1350
2025-01-12,Potato,24,Uttar Pradesh,9,Pratapgarh,173,1300,1450,1370
2025-01-11,Potato,24,Uttar Pradesh,9,Pratapgarh,173,1300,1450,1375
2025-01-10,Potato,24,Uttar Pradesh,9,Pratapgarh,173,1300,1450,1370
2025-01-09,Potato,24,Uttar Pradesh,9,Pratapgarh,173,1300,1500,1380
2025-01-08,Potato,24,Uttar Pradesh,9,Pratapgarh,173,1350,1550,1400
2025-01-07,Potato,24,Uttar Pradesh,9,Pratapgarh,173,1300,1450,1380
2025-01-06,Potato,24,Uttar Pradesh,9,Pratapgarh,173,1300,1450,1380
2025-01-04,Potato,24,Uttar Pradesh,9,Pratapgarh,173,1400,1600,1450
2025-01-03,Potato,24,Uttar Pradesh,9,Pratapgarh,173,1400,1580,1460
2025-01-02,Potato,24,Uttar Pradesh,9,Pratapgarh,173,1400,1600,1460
2024-12-31,Potato,24,Uttar Pradesh,9,Pratapgarh,173,1400,1600,1490
2024-12-30,Potato,24,Uttar Pradesh,9,Pratapgarh,173,1400,1650,1500
2024-12-29,Potato,24,Uttar Pradesh,9,Pratapgarh,173,1500,1650,1575
2024-12-28,Potato,24,Uttar Pradesh,9,Pratapgarh,173,1500,1650,1580
2024-12-27,Potato,24,Uttar Pradesh,9,Pratapgarh,173,1500,1700,1580
2024-12-26,Potato,24,Uttar Pradesh,9,Pratapgarh,173,1500,1750,1600
2024-12-25,Potato,24,Uttar Pradesh,9,Pratapgarh,173,1600,1750,1640
2024-12-24,Potato,24,Uttar Pradesh,9,Pratapgarh,173,1700,1850,1750
2024-12-13,Potato,24,Uttar Pradesh,9,Pratapgarh,173,1900,2150,2000
2024-12-12,Potato,24,Uttar Pradesh,9,Pratapgarh,173,2100,2250,2125
2024-12-11,Potato,24,Uttar Pradesh,9,Pratapgarh,173,2000,2250,2100
2024-12-10,Potato,24,Uttar Pradesh,9,Pratapgarh,173,2100,2250,2150
2024-12-09,Potato,24,Uttar Pradesh,9,Pratapgarh,173,2100,2250,2160
2024-12-08,Potato,24,Uttar Pradesh,9,Pratapgarh,173,2100,2300,2180
2024-12-07,Potato,24,Uttar Pradesh,9,Pratapgarh,173,2100,2350,2190
2024-12-06,Potato,24,Uttar Pradesh,9,Pratapgarh,173,2150,2300,2200
2024-12-05,Potato,24,Uttar Pradesh,9,Pratapgarh,173,2250,2450,2300
2024-12-04,Potato,24,Uttar Pradesh,9,Pratapgarh,173,2250,2450,2300
2024-12-03,Potato,24,Uttar Pradesh,9,Pratapgarh,173,2250,2500,2325
2024-12-02,Potato,24,Uttar Pradesh,9,Pratapgarh,173,2100,2500,2300
2024-11-30,Potato,24,Uttar Pradesh,9,Pratapgarh,173,2200,2500,2300
2024-11-29,Potato,24,Uttar Pradesh,9,Pratapgarh,173,2250,2450,2300
2024-11-28,Potato,24,Uttar Pradesh,9,Pratapgarh,173,2200,2500,2250
2024-11-27,Potato,24,Uttar Pradesh,9,Pratapgarh,173,2100,2250,2160
2024-11-26,Potato,24,Uttar Pradesh,9,Pratapgarh,173,2100,2250,2150
2024-11-25,Potato,24,Uttar Pradesh,9,Pratapgarh,173,2100,2250,2185
2024-11-24,Potato,24,Uttar Pradesh,9,Pratapgarh,173,2100,2350,2190
2024-11-23,Potato,24,Uttar Pradesh,9,Pratapgarh,173,2100,2350,2180
2024-11-22,Potato,24,Uttar Pradesh,9,Pratapgarh,173,2100,2300,2200
2024-11-21,Potato,24,Uttar Pradesh,9,Pratapgarh,173,2150,2300,2200
2024-11-20,Potato,24,Uttar Pradesh,9,Pratapgarh,173,2100,2250,2180
2024-11-19,Potato,24,Uttar Pradesh,9,Pratapgarh,173,2100,2250,2170
2024-11-18,Potato,24,Uttar Pradesh,9,Pratapgarh,173,2100,2200,2140
2024-11-14,Potato,24,Uttar Pradesh,9,Pratapgarh,173,2100,2300,2125
2024-11-13,Potato,24,Uttar Pradesh,9,Pratapgarh,173,2100,2250,2150
2024-11-12,Potato,24,Uttar Pradesh,9,Pratapgarh,173,2050,2250,2120
2024-11-11,Potato,24,Uttar Pradesh,9,Pratapgarh,173,2100,2200,2130
2024-11-10,Potato,24,Uttar Pradesh,9,Pratapgarh,173,2050,2250,2120
2024-11-09,Potato,24,Uttar Pradesh,9,Pratapgarh,173,2100,2250,2150
2024-11-08,Potato,24,Uttar Pradesh,9,Pratapgarh,173,2100,2250,2125
2024-11-07,Potato,24,Uttar Pradesh,9,Pratapgarh,173,2000,2250,2130
2024-11-06,Potato,24,Uttar Pradesh,9,Pratapgarh,173,2100,2250,2125
2024-11-05,Potato,24,Uttar Pradesh,9,Pratapgarh,173,2050,2250,2120
2024-11-04,Potato,24,Uttar Pradesh,9,Pratapgarh,173,2050,2250,2100
2024-11-03,Potato,24,Uttar Pradesh,9,Pratapgarh,173,2100,2250,2170
2024-11-02,Potato,24,Uttar Pradesh,9,Pratapgarh,173,2100,2250,2180
2024-11-01,Potato,24,Uttar Pradesh,9,Pratapgarh,173,2100,2250,2160
2024-10-30,Potato,24,Uttar Pradesh,9,Pratapgarh,173,2100,2250,2125
2024-10-29,Potato,24,Uttar Pradesh,9,Pratapgarh,173,2100,2250,2160
2024-10-28,Potato,24,Uttar Pradesh,9,Pratapgarh,173,2150,2350,2200
2024-10-27,Potato,24,Uttar Pradesh,9,Pratapgarh,173,2100,2250,2150
2024-10-26,Potato,24,Uttar Pradesh,9,Pratapgarh,173,2100,2250,2130
2024-10-25,Potato,24,Uttar Pradesh,9,Pratapgarh,173,2100,2300,2125
2024-10-24,Potato,24,Uttar Pradesh,9,Pratapgarh,173,2100,2250,2175
2024-10-23,Potato,24,Uttar Pradesh,9,Pratapgarh,173,2100,2250,2170
2024-10-22,Potato,24,Uttar Pradesh,9,Pratapgarh,173,2000,2250,2100
2024-10-21,Potato,24,Uttar Pradesh,9,Pratapgarh,173,2100,2250,2150
2024-10-20,Potato,24,Uttar Pradesh,9,Pratapgarh,173,2000,2250,2100
2024-10-19,Potato,24,Uttar Pradesh,9,Pratapgarh,173,2100,2250,2125
2024-10-18,Potato,24,Uttar Pradesh,9,Pratapgarh,173,2100,2250,2150
2024-10-17,Potato,24,Uttar Pradesh,9,Pratapgarh,173,2100,2350,2200
2024-10-16,Potato,24,Uttar Pradesh,9,Pratapgarh,173,2000,2200,2100
2024-10-15,Potato,24,Uttar Pradesh,9,Pratapgarh,173,2100,2250,2150
2024-10-14,Potato,24,Uttar Pradesh,9,Pratapgarh,173,2100,2300,2200
2024-10-13,Potato,24,Uttar Pradesh,9,Pratapgarh,173,2100,2300,2200
2024-10-12,Potato,24,Uttar Pradesh,9,Pratapgarh,173,2100,2250,2190
2024-10-11,Potato,24,Uttar Pradesh,9,Pratapgarh,173,2100,2250,2180
2024-10-10,Potato,24,Uttar Pradesh,9,Pratapgarh,173,2100,2250,2175
2024-10-09,Potato,24,Uttar Pradesh,9,Pratapgarh,173,2100,2300,2180
2024-10-08,Potato,24,Uttar Pradesh,9,Pratapgarh,173,2100,2250,2150
2024-10-07,Potato,24,Uttar Pradesh,9,Pratapgarh,173,2050,2250,2115
2024-10-06,Potato,24,Uttar Pradesh,9,Pratapgarh,173,2080,2250,2110
2024-10-05,Potato,24,Uttar Pradesh,9,Pratapgarh,173,2000,2250,2100
2024-10-04,Potato,24,Uttar Pradesh,9,Pratapgarh,173,2100,2250,2130
2024-10-03,Potato,24,Uttar Pradesh,9,Pratapgarh,173,2050,2250,2100
2024-10-02,Potato,24,Uttar Pradesh,9,Pratapgarh,173,2000,2200,2100
2024-10-01,Potato,24,Uttar Pradesh,9,Pratapgarh,173,2050,2250,2120
2024-09-30,Potato,24,Uttar Pradesh,9,Pratapgarh,173,2100,2250,2130
2024-09-29,Potato,24,Uttar Pradesh,9,Pratapgarh,173,2100,2250,2150
2024-09-28,Potato,24,Uttar Pradesh,9,Pratapgarh,173,2100,2260,2160
2024-09-27,Potato,24,Uttar Pradesh,9,Pratapgarh,173,2100,2250,2150
2024-09-26,Potato,24,Uttar Pradesh,9,Pratapgarh,173,2000,2250,2150
2024-09-25,Potato,24,Uttar Pradesh,9,Pratapgarh,173,2100,2300,2210
2024-09-24,Potato,24,Uttar Pradesh,9,Pratapgarh,173,2100,2350,2200
2024-09-23,Potato,24,Uttar Pradesh,9,Pratapgarh,173,2150,2300,2200
2024-09-22,Potato,24,Uttar Pradesh,9,Pratapgarh,173,2250,2450,2300
2024-09-21,Potato,24,Uttar Pradesh,9,Pratapgarh,173,2200,2400,2300
2024-09-20,Potato,24,Uttar Pradesh,9,Pratapgarh,173,2250,2450,2300
2024-09-19,Potato,24,Uttar Pradesh,9,Pratapgarh,173,2250,2450,2320
2024-09-18,Potato,24,Uttar Pradesh,9,Pratapgarh,173,2250,2400,2310
2024-09-17,Potato,24,Uttar Pradesh,9,Pratapgarh,173,2250,2450,2300
2024-09-16,Potato,24,Uttar Pradesh,9,Pratapgarh,173,2300,2450,2345
2024-09-13,Potato,24,Uttar Pradesh,9,Pratapgarh,173,2300,2450,2350
2024-09-12,Potato,24,Uttar Pradesh,9,Pratapgarh,173,2300,2450,2350
2024-09-11,Potato,24,Uttar Pradesh,9,Pratapgarh,173,2200,2450,2340
2024-09-10,Potato,24,Uttar Pradesh,9,Pratapgarh,173,2300,2450,2350
2024-09-09,Potato,24,Uttar Pradesh,9,Pratapgarh,173,2300,2450,2340
2024-09-08,Potato,24,Uttar Pradesh,9,Pratapgarh,173,2300,2450,2350
2024-09-07,Potato,24,Uttar Pradesh,9,Pratapgarh,173,2300,2450,2345
2024-09-06,Potato,24,Uttar Pradesh,9,Pratapgarh,173,2300,2450,2340
2024-09-05,Potato,24,Uttar Pradesh,9,Pratapgarh,173,2300,2450,2350
2024-09-04,Potato,24,Uttar Pradesh,9,Pratapgarh,173,2300,2450,2360
2024-09-03,Potato,24,Uttar Pradesh,9,Pratapgarh,173,2300,2450,2330
2024-09-02,Potato,24,Uttar Pradesh,9,Pratapgarh,173,2300,2450,2345
2024-09-01,Potato,24,Uttar Pradesh,9,Pratapgarh,173,2300,2450,2350
2024-08-31,Potato,24,Uttar Pradesh,9,Pratapgarh,173,2250,2450,2320
2024-08-30,Potato,24,Uttar Pradesh,9,Pratapgarh,173,2300,2450,2325
2024-08-29,Potato,24,Uttar Pradesh,9,Pratapgarh,173,2250,2450,2310
2024-08-28,Potato,24,Uttar Pradesh,9,Pratapgarh,173,2250,2450,2325
2024-08-27,Potato,24,Uttar Pradesh,9,Pratapgarh,173,2250,2450,2300
2024-08-26,Potato,24,Uttar Pradesh,9,Pratapgarh,173,2300,2450,2335
2024-08-24,Potato,24,Uttar Pradesh,9,Pratapgarh,173,2300,2450,2325
2024-08-23,Potato,24,Uttar Pradesh,9,Pratapgarh,173,2250,2400,2320
2024-08-22,Potato,24,Uttar Pradesh,9,Pratapgarh,173,2200,2400,2300
2024-08-21,Potato,24,Uttar Pradesh,9,Pratapgarh,173,2250,2450,2325
2024-08-20,Potato,24,Uttar Pradesh,9,Pratapgarh,173,2250,2450,2320
2024-08-19,Potato,24,Uttar Pradesh,9,Pratapgarh,173,2300,2450,2335
2024-08-17,Potato,24,Uttar Pradesh,9,Pratapgarh,173,2300,2400,2340
2024-08-16,Potato,24,Uttar Pradesh,9,Pratapgarh,173,2300,2450,2330
2024-08-15,Potato,24,Uttar Pradesh,9,Pratapgarh,173,2300,2450,2335
2024-08-14,Potato,24,Uttar Pradesh,9,Pratapgarh,173,2300,2450,2330
2024-08-13,Potato,24,Uttar Pradesh,9,Pratapgarh,173,2300,2450,2325
2024-08-12,Potato,24,Uttar Pradesh,9,Pratapgarh,173,2300,2400,2330
2024-08-11,Potato,24,Uttar Pradesh,9,Pratapgarh,173,2300,2450,2335
2024-08-10,Potato,24,Uttar Pradesh,9,Pratapgarh,173,2300,2450,2340
2024-08-09,Potato,24,Uttar Pradesh,9,Pratapgarh,173,2300,2450,2320
2024-08-08,Potato,24,Uttar Pradesh,9,Pratapgarh,173,2300,2400,2325
2024-08-07,Potato,24,Uttar Pradesh,9,Pratapgarh,173,2250,2450,2300
2024-08-06,Potato,24,Uttar Pradesh,9,Pratapgarh,173,2250,2400,2320
2024-08-05,Potato,24,Uttar Pradesh,9,Pratapgarh,173,2300,2450,2325
2024-08-04,Potato,24,Uttar Pradesh,9,Pratapgarh,173,2300,2450,2335
2024-07-31,Potato,24,Uttar Pradesh,9,Pratapgarh,173,2250,2450,2320
2024-07-30,Potato,24,Uttar Pradesh,9,Pratapgarh,173,2250,2450,2300
2024-07-29,Potato,24,Uttar Pradesh,9,Pratapgarh,173,2250,2450,2300
2024-07-28,Potato,24,Uttar Pradesh,9,Pratapgarh,173,2250,2400,2320
2024-07-27,Potato,24,Uttar Pradesh,9,Pratapgarh,173,2300,2450,2350
2024-07-26,Potato,24,Uttar Pradesh,9,Pratapgarh,173,2300,2450,2360
2024-07-25,Potato,24,Uttar Pradesh,9,Pratapgarh,173,2300,2450,2380
2024-07-24,Potato,24,Uttar Pradesh,9,Pratapgarh,173,2300,2550,2380
2024-07-23,Potato,24,Uttar Pradesh,9,Pratapgarh,173,2300,2450,2375
2024-07-22,Potato,24,Uttar Pradesh,9,Pratapgarh,173,2300,2450,2380
2024-07-21,Potato,24,Uttar Pradesh,9,Pratapgarh,173,2350,2450,2390
2024-07-20,Potato,24,Uttar Pradesh,9,Pratapgarh,173,2300,2450,2385
2024-07-19,Potato,24,Uttar Pradesh,9,Pratapgarh,173,2300,2450,2390
2024-07-18,Potato,24,Uttar Pradesh,9,Pratapgarh,173,2300,2450,2395
2024-07-17,Potato,24,Uttar Pradesh,9,Pratapgarh,173,2300,2450,2390
2024-07-16,Potato,24,Uttar Pradesh,9,Pratapgarh,173,2300,2450,2385
2024-07-15,Potato,24,Uttar Pradesh,9,Pratapgarh,173,2300,2450,2380
2024-07-14,Potato,24,Uttar Pradesh,9,Pratapgarh,173,2350,2550,2400
2024-07-13,Potato,24,Uttar Pradesh,9,Pratapgarh,173,2350,2450,2390
2024-07-12,Potato,24,Uttar Pradesh,9,Pratapgarh,173,2300,2500,2400
2024-07-11,Potato,24,Uttar Pradesh,9,Pratapgarh,173,2300,2500,2410
2024-07-10,Potato,24,Uttar Pradesh,9,Pratapgarh,173,2300,2500,2400
2024-07-09,Potato,24,Uttar Pradesh,9,Pratapgarh,173,2250,2450,2350
2024-07-08,Potato,24,Uttar Pradesh,9,Pratapgarh,173,2250,2450,2350
2024-07-07,Potato,24,Uttar Pradesh,9,Pratapgarh,173,2100,2350,2240
2024-07-06,Potato,24,Uttar Pradesh,9,Pratapgarh,173,2150,2300,2230
2024-07-05,Potato,24,Uttar Pradesh,9,Pratapgarh,173,2200,2300,2225
2024-07-04,Potato,24,Uttar Pradesh,9,Pratapgarh,173,2100,2300,2210
2024-07-03,Potato,24,Uttar Pradesh,9,Pratapgarh,173,2100,2300,2180
2024-07-02,Potato,24,Uttar Pradesh,9,Pratapgarh,173,2100,2300,2200
2024-07-01,Potato,24,Uttar Pradesh,9,Pratapgarh,173,2150,2300,2200
2024-06-30,Potato,24,Uttar Pradesh,9,Pratapgarh,173,2150,2350,2200
2024-06-29,Potato,24,Uttar Pradesh,9,Pratapgarh,173,2050,2250,2100
2024-06-28,Potato,24,Uttar Pradesh,9,Pratapgarh,173,2000,2150,2050
2024-06-27,Potato,24,Uttar Pradesh,9,Pratapgarh,173,2000,2200,2050
2024-06-26,Potato,24,Uttar Pradesh,9,Pratapgarh,173,2000,2150,2060
2024-06-25,Potato,24,Uttar Pradesh,9,Pratapgarh,173,1950,2050,1985
2024-06-24,Potato,24,Uttar Pradesh,9,Pratapgarh,173,1900,2050,1980
2024-06-23,Potato,24,Uttar Pradesh,9,Pratapgarh,173,1900,2050,1950
2024-06-22,Potato,24,Uttar Pradesh,9,Pratapgarh,173,1900,2050,1950
2024-06-21,Potato,24,Uttar Pradesh,9,Pratapgarh,173,1800,1950,1890
2024-06-20,Potato,24,Uttar Pradesh,9,Pratapgarh,173,1800,2000,1890
2024-06-19,Potato,24,Uttar Pradesh,9,Pratapgarh,173,1800,1950,1870
2024-06-18,Potato,24,Uttar Pradesh,9,Pratapgarh,173,1800,1950,1865
2024-06-17,Potato,24,Uttar Pradesh,9,Pratapgarh,173,1800,1950,1850
2024-06-15,Potato,24,Uttar Pradesh,9,Pratapgarh,173,1800,1950,1840
2024-06-14,Potato,24,Uttar Pradesh,9,Pratapgarh,173,1800,1950,1840
2024-06-13,Potato,24,Uttar Pradesh,9,Pratapgarh,173,1800,1950,1835
2024-06-12,Potato,24,Uttar Pradesh,9,Pratapgarh,173,1800,1950,1825
2024-06-11,Potato,24,Uttar Pradesh,9,Pratapgarh,173,1800,1950,1835
2024-06-10,Potato,24,Uttar Pradesh,9,Pratapgarh,173,1800,1950,1830
2024-06-09,Potato,24,Uttar Pradesh,9,Pratapgarh,173,1800,1950,1835
2024-06-08,Potato,24,Uttar Pradesh,9,Pratapgarh,173,1800,1950,1825
2024-06-07,Potato,24,Uttar Pradesh,9,Pratapgarh,173,1800,1950,1830
2024-06-06,Potato,24,Uttar Pradesh,9,Pratapgarh,173,1800,1950,1825
2024-06-05,Potato,24,Uttar Pradesh,9,Pratapgarh,173,1750,1950,1820
2024-06-04,Potato,24,Uttar Pradesh,9,Pratapgarh,173,1750,2000,1800
2024-06-03,Potato,24,Uttar Pradesh,9,Pratapgarh,173,1750,1900,1810
2024-06-02,Potato,24,Uttar Pradesh,9,Pratapgarh,173,1750,1900,1820
2024-06-01,Potato,24,Uttar Pradesh,9,Pratapgarh,173,1750,1950,1800
2024-05-31,Potato,24,Uttar Pradesh,9,Pratapgarh,173,1750,1950,1810
2024-05-30,Potato,24,Uttar Pradesh,9,Pratapgarh,173,1750,1950,1800
2024-05-29,Potato,24,Uttar Pradesh,9,Pratapgarh,173,1700,1900,1800
2024-05-28,Potato,24,Uttar Pradesh,9,Pratapgarh,173,1750,2000,1800
2024-05-27,Potato,24,Uttar Pradesh,9,Pratapgarh,173,1700,1900,1785
2024-05-26,Potato,24,Uttar Pradesh,9,Pratapgarh,173,1700,1850,1790
2024-05-25,Potato,24,Uttar Pradesh,9,Pratapgarh,173,1700,1850,1780
2024-05-24,Potato,24,Uttar Pradesh,9,Pratapgarh,173,1700,1850,1785
2024-05-23,Potato,24,Uttar Pradesh,9,Pratapgarh,173,1700,1850,1780
2024-05-22,Potato,24,Uttar Pradesh,9,Pratapgarh,173,1700,1900,1790
2024-05-21,Potato,24,Uttar Pradesh,9,Pratapgarh,173,1700,1850,1780
2024-05-20,Potato,24,Uttar Pradesh,9,Pratapgarh,173,1700,1850,1780
2024-05-18,Potato,24,Uttar Pradesh,9,Pratapgarh,173,1700,1850,1780
2024-05-17,Potato,24,Uttar Pradesh,9,Pratapgarh,173,1700,1900,1785
2024-05-16,Potato,24,Uttar Pradesh,9,Pratapgarh,173,1700,1900,1790
2024-05-15,Potato,24,Uttar Pradesh,9,Pratapgarh,173,1700,1900,1780
2024-05-14,Potato,24,Uttar Pradesh,9,Pratapgarh,173,1700,1850,1770
2024-05-13,Potato,24,Uttar Pradesh,9,Pratapgarh,173,1700,1950,1780
2024-05-12,Potato,24,Uttar Pradesh,9,Pratapgarh,173,1700,1850,1770
2024-05-11,Potato,24,Uttar Pradesh,9,Pratapgarh,173,1700,1850,1775
2024-05-10,Potato,24,Uttar Pradesh,9,Pratapgarh,173,1700,1850,1770
2024-05-09,Potato,24,Uttar Pradesh,9,Pratapgarh,173,1700,1950,1780
2024-05-08,Potato,24,Uttar Pradesh,9,Pratapgarh,173,1700,1850,1770
2024-05-07,Potato,24,Uttar Pradesh,9,Pratapgarh,173,1700,1850,1775
2024-05-06,Potato,24,Uttar Pradesh,9,Pratapgarh,173,1700,1850,1780
2024-05-05,Potato,24,Uttar Pradesh,9,Pratapgarh,173,1700,1850,1780
2024-05-04,Potato,24,Uttar Pradesh,9,Pratapgarh,173,1700,1850,1785
2024-05-03,Potato,24,Uttar Pradesh,9,Pratapgarh,173,1700,1850,1780
2024-05-02,Potato,24,Uttar Pradesh,9,Pratapgarh,173,1700,1850,1775
2024-05-01,Potato,24,Uttar Pradesh,9,Pratapgarh,173,1700,1850,1770
2024-04-30,Potato,24,Uttar Pradesh,9,Pratapgarh,173,1700,1850,1750
2024-04-29,Potato,24,Uttar Pradesh,9,Pratapgarh,173,1700,1850,1720
2024-04-28,Potato,24,Uttar Pradesh,9,Pratapgarh,173,1600,1800,1690
2024-04-27,Potato,24,Uttar Pradesh,9,Pratapgarh,173,1600,1750,1680
2024-04-26,Potato,24,Uttar Pradesh,9,Pratapgarh,173,1600,1750,1675
2024-04-25,Potato,24,Uttar Pradesh,9,Pratapgarh,173,1600,1800,1670
2024-04-24,Potato,24,Uttar Pradesh,9,Pratapgarh,173,1600,1750,1665
2024-04-23,Potato,24,Uttar Pradesh,9,Pratapgarh,173,1600,1750,1670
2024-04-21,Potato,24,Uttar Pradesh,9,Pratapgarh,173,1600,1750,1660
2024-04-20,Potato,24,Uttar Pradesh,9,Pratapgarh,173,1600,1750,1650
2024-04-19,Potato,24,Uttar Pradesh,9,Pratapgarh,173,1600,1750,1630
2024-04-18,Potato,24,Uttar Pradesh,9,Pratapgarh,173,1600,1750,1640
2024-04-17,Potato,24,Uttar Pradesh,9,Pratapgarh,173,1600,1750,1650
2024-04-16,Potato,24,Uttar Pradesh,9,Pratapgarh,173,1550,1650,1600
2024-04-15,Potato,24,Uttar Pradesh,9,Pratapgarh,173,1550,1750,1600
2024-04-14,Potato,24,Uttar Pradesh,9,Pratapgarh,173,1500,1650,1580
2024-04-13,Potato,24,Uttar Pradesh,9,Pratapgarh,173,1550,1750,1600
2024-04-12,Potato,24,Uttar Pradesh,9,Pratapgarh,173,1450,1650,1520
2024-04-11,Potato,24,Uttar Pradesh,9,Pratapgarh,173,1500,1625,1525
2024-04-10,Potato,24,Uttar Pradesh,9,Pratapgarh,173,1500,1650,1550
2024-04-08,Potato,24,Uttar Pradesh,9,Pratapgarh,173,1400,1550,1450
2024-04-07,Potato,24,Uttar Pradesh,9,Pratapgarh,173,1400,1550,1425
2024-04-06,Potato,24,Uttar Pradesh,9,Pratapgarh,173,1350,1550,1420
2024-04-05,Potato,24,Uttar Pradesh,9,Pratapgarh,173,1400,1550,1425
2024-04-04,Potato,24,Uttar Pradesh,9,Pratapgarh,173,1300,1600,1400
2024-04-03,Potato,24,Uttar Pradesh,9,Pratapgarh,173,1300,1450,1350
2024-03-30,Potato,24,Uttar Pradesh,9,Pratapgarh,173,1300,1450,1360
2024-03-29,Potato,24,Uttar Pradesh,9,Pratapgarh,173,1300,1450,1370
2024-03-28,Potato,24,Uttar Pradesh,9,Pratapgarh,173,1300,1450,1375
2024-03-27,Potato,24,Uttar Pradesh,9,Pratapgarh,173,1300,1450,1380
2024-03-23,Potato,24,Uttar Pradesh,9,Pratapgarh,173,1300,1450,1375
2024-03-22,Potato,24,Uttar Pradesh,9,Pratapgarh,173,1300,1450,1380
2024-03-21,Potato,24,Uttar Pradesh,9,Pratapgarh,173,1300,1450,1370
2024-03-20,Potato,24,Uttar Pradesh,9,Pratapgarh,173,1300,1450,1360
2024-03-19,Potato,24,Uttar Pradesh,9,Pratapgarh,173,1300,1450,1370
2024-03-18,Potato,24,Uttar Pradesh,9,Pratapgarh,173,1300,1450,1375
2024-03-17,Potato,24,Uttar Pradesh,9,Pratapgarh,173,1300,1450,1380
2024-03-16,Potato,24,Uttar Pradesh,9,Pratapgarh,173,1250,1500,1350
2024-03-15,Potato,24,Uttar Pradesh,9,Pratapgarh,173,1200,1400,1280
2024-03-14,Potato,24,Uttar Pradesh,9,Pratapgarh,173,1200,1350,1250
2024-03-13,Potato,24,Uttar Pradesh,9,Pratapgarh,173,1200,1350,1250
2024-03-12,Potato,24,Uttar Pradesh,9,Pratapgarh,173,1150,1350,1180
2024-03-11,Potato,24,Uttar Pradesh,9,Pratapgarh,173,1050,1200,1100
2024-03-10,Potato,24,Uttar Pradesh,9,Pratapgarh,173,1000,1200,1085
2024-03-09,Potato,24,Uttar Pradesh,9,Pratapgarh,173,1000,1200,1080
2024-03-08,Potato,24,Uttar Pradesh,9,Pratapgarh,173,1000,1200,1085
2024-03-07,Potato,24,Uttar Pradesh,9,Pratapgarh,173,1000,1100,1090
2024-03-06,Potato,24,Uttar Pradesh,9,Pratapgarh,173,1000,1150,1080
2024-03-05,Potato,24,Uttar Pradesh,9,Pratapgarh,173,1000,1100,1050
2024-03-04,Potato,24,Uttar Pradesh,9,Pratapgarh,173,1000,1200,1040
2024-03-03,Potato,24,Uttar Pradesh,9,Pratapgarh,173,1000,1200,1060
2024-03-02,Potato,24,Uttar Pradesh,9,Pratapgarh,173,1000,1150,1050
2024-03-01,Potato,24,Uttar Pradesh,9,Pratapgarh,173,1000,1150,1060
2024-02-29,Potato,24,Uttar Pradesh,9,Pratapgarh,173,1000,1250,1075
2024-02-28,Potato,24,Uttar Pradesh,9,Pratapgarh,173,1000,1200,1070
2024-02-27,Potato,24,Uttar Pradesh,9,Pratapgarh,173,1000,1200,1060
2024-02-26,Potato,24,Uttar Pradesh,9,Pratapgarh,173,900,1100,975
2024-02-24,Potato,24,Uttar Pradesh,9,Pratapgarh,173,800,1000,900
2024-02-23,Potato,24,Uttar Pradesh,9,Pratapgarh,173,750,950,885
2024-02-22,Potato,24,Uttar Pradesh,9,Pratapgarh,173,800,900,850
2024-02-21,Potato,24,Uttar Pradesh,9,Pratapgarh,173,800,925,830
2024-02-20,Potato,24,Uttar Pradesh,9,Pratapgarh,173,750,900,800
2024-02-19,Potato,24,Uttar Pradesh,9,Pratapgarh,173,700,800,750
2024-02-18,Potato,24,Uttar Pradesh,9,Pratapgarh,173,650,800,700
2024-02-17,Potato,24,Uttar Pradesh,9,Pratapgarh,173,700,800,730
2024-02-16,Potato,24,Uttar Pradesh,9,Pratapgarh,173,700,850,740
2024-02-15,Potato,24,Uttar Pradesh,9,Pratapgarh,173,650,750,700
2024-02-14,Potato,24,Uttar Pradesh,9,Pratapgarh,173,650,800,700
2024-02-13,Potato,24,Uttar Pradesh,9,Pratapgarh,173,650,750,680
2024-02-12,Potato,24,Uttar Pradesh,9,Pratapgarh,173,600,700,670
2024-02-11,Potato,24,Uttar Pradesh,9,Pratapgarh,173,600,700,675
2024-02-10,Potato,24,Uttar Pradesh,9,Pratapgarh,173,600,750,675
2024-02-09,Potato,24,Uttar Pradesh,9,Pratapgarh,173,600,700,675
2024-02-08,Potato,24,Uttar Pradesh,9,Pratapgarh,173,650,725,675
2024-02-07,Potato,24,Uttar Pradesh,9,Pratapgarh,173,600,725,640
2024-02-06,Potato,24,Uttar Pradesh,9,Pratapgarh,173,600,725,650
2024-02-05,Potato,24,Uttar Pradesh,9,Pratapgarh,173,600,725,660
2024-02-04,Potato,24,Uttar Pradesh,9,Pratapgarh,173,600,725,660
2024-02-03,Potato,24,Uttar Pradesh,9,Pratapgarh,173,600,700,655
2024-02-02,Potato,24,Uttar Pradesh,9,Pratapgarh,173,600,725,650
2024-02-01,Potato,24,Uttar Pradesh,9,Pratapgarh,173,600,725,660
2024-01-31,Potato,24,Uttar Pradesh,9,Pratapgarh,173,600,700,655
2024-01-30,Potato,24,Uttar Pradesh,9,Pratapgarh,173,600,725,660
2024-01-29,Potato,24,Uttar Pradesh,9,Pratapgarh,173,650,725,675
2024-01-28,Potato,24,Uttar Pradesh,9,Pratapgarh,173,650,725,675
2024-01-27,Potato,24,Uttar Pradesh,9,Pratapgarh,173,650,725,680
2024-01-26,Potato,24,Uttar Pradesh,9,Pratapgarh,173,650,725,685
2024-01-24,Potato,24,Uttar Pradesh,9,Pratapgarh,173,650,725,690
2024-01-23,Potato,24,Uttar Pradesh,9,Pratapgarh,173,650,725,680
2024-01-22,Potato,24,Uttar Pradesh,9,Pratapgarh,173,650,750,685
2024-01-20,Potato,24,Uttar Pradesh,9,Pratapgarh,173,600,700,670
2024-01-19,Potato,24,Uttar Pradesh,9,Pratapgarh,173,650,725,685
2024-01-18,Potato,24,Uttar Pradesh,9,Pratapgarh,173,650,725,675
2024-01-17,Potato,24,Uttar Pradesh,9,Pratapgarh,173,650,725,680
2024-01-16,Potato,24,Uttar Pradesh,9,Pratapgarh,173,650,725,690
2024-01-15,Potato,24,Uttar Pradesh,9,Pratapgarh,173,650,725,685
2024-01-14,Potato,24,Uttar Pradesh,9,Pratapgarh,173,650,725,685
2024-01-13,Potato,24,Uttar Pradesh,9,Pratapgarh,173,650,725,680
2024-01-12,Potato,24,Uttar Pradesh,9,Pratapgarh,173,650,725,680
2024-01-11,Potato,24,Uttar Pradesh,9,Pratapgarh,173,600,700,670
2024-01-10,Potato,24,Uttar Pradesh,9,Pratapgarh,173,650,725,675
2024-01-09,Potato,24,Uttar Pradesh,9,Pratapgarh,173,600,700,640
2024-01-08,Potato,24,Uttar Pradesh,9,Pratapgarh,173,600,725,650
2024-01-07,Potato,24,Uttar Pradesh,9,Pratapgarh,173,600,725,645
2024-01-06,Potato,24,Uttar Pradesh,9,Pratapgarh,173,600,725,640
2024-01-05,Potato,24,Uttar Pradesh,9,Pratapgarh,173,600,720,650
2024-01-04,Potato,24,Uttar Pradesh,9,Pratapgarh,173,600,750,630
2024-01-03,Potato,24,Uttar Pradesh,9,Pratapgarh,173,600,725,640
2024-01-02,Potato,24,Uttar Pradesh,9,Pratapgarh,173,600,750,630
2024-01-01,Potato,24,Uttar Pradesh,9,Pratapgarh,173,600,700,630
2023-12-31,Potato,24,Uttar Pradesh,9,Pratapgarh,173,600,700,635
2023-12-30,Potato,24,Uttar Pradesh,9,Pratapgarh,173,600,750,640
2023-12-29,Potato,24,Uttar Pradesh,9,Pratapgarh,173,600,750,645
2023-12-28,Potato,24,Uttar Pradesh,9,Pratapgarh,173,600,750,650
2023-12-27,Potato,24,Uttar Pradesh,9,Pratapgarh,173,600,750,640
2023-12-26,Potato,24,Uttar Pradesh,9,Pratapgarh,173,600,750,640
2023-12-23,Potato,24,Uttar Pradesh,9,Pratapgarh,173,600,750,660
2023-12-22,Potato,24,Uttar Pradesh,9,Pratapgarh,173,650,750,685
2023-12-21,Potato,24,Uttar Pradesh,9,Pratapgarh,173,600,750,680
2023-12-20,Potato,24,Uttar Pradesh,9,Pratapgarh,173,700,850,750
2023-12-19,Potato,24,Uttar Pradesh,9,Pratapgarh,173,775,900,800
2023-12-18,Potato,24,Uttar Pradesh,9,Pratapgarh,173,775,900,800
2023-12-17,Potato,24,Uttar Pradesh,9,Pratapgarh,173,775,900,800
2023-12-16,Potato,24,Uttar Pradesh,9,Pratapgarh,173,800,900,835
2023-12-15,Potato,24,Uttar Pradesh,9,Pratapgarh,173,800,950,835
2023-12-14,Potato,24,Uttar Pradesh,9,Pratapgarh,173,800,950,835
2023-12-13,Potato,24,Uttar Pradesh,9,Pratapgarh,173,800,950,830
2023-12-12,Potato,24,Uttar Pradesh,9,Pratapgarh,173,800,900,825
2023-12-11,Potato,24,Uttar Pradesh,9,Pratapgarh,173,800,900,840
2023-12-09,Potato,24,Uttar Pradesh,9,Pratapgarh,173,800,950,825
2023-12-08,Potato,24,Uttar Pradesh,9,Pratapgarh,173,775,950,820
2023-12-07,Potato,24,Uttar Pradesh,9,Pratapgarh,173,800,950,815
2023-12-06,Potato,24,Uttar Pradesh,9,Pratapgarh,173,775,900,810
2023-12-05,Potato,24,Uttar Pradesh,9,Pratapgarh,173,775,900,800
2023-12-04,Potato,24,Uttar Pradesh,9,Pratapgarh,173,780,900,810
2023-12-03,Potato,24,Uttar Pradesh,9,Pratapgarh,173,800,900,820
2023-12-02,Potato,24,Uttar Pradesh,9,Pratapgarh,173,750,850,790
2023-12-01,Potato,24,Uttar Pradesh,9,Pratapgarh,173,775,900,800
2023-11-30,Potato,24,Uttar Pradesh,9,Pratapgarh,173,775,900,800
2023-11-29,Potato,24,Uttar Pradesh,9,Pratapgarh,173,770,900,800
2023-11-28,Potato,24,Uttar Pradesh,9,Pratapgarh,173,750,950,815
2023-11-27,Potato,24,Uttar Pradesh,9,Pratapgarh,173,775,900,800
2023-11-25,Potato,24,Uttar Pradesh,9,Pratapgarh,173,800,950,830
2023-11-24,Potato,24,Uttar Pradesh,9,Pratapgarh,173,800,950,835
2023-11-23,Potato,24,Uttar Pradesh,9,Pratapgarh,173,800,950,830
2023-11-22,Potato,24,Uttar Pradesh,9,Pratapgarh,173,800,950,830
2023-11-21,Potato,24,Uttar Pradesh,9,Pratapgarh,173,800,950,845
2023-11-20,Potato,24,Uttar Pradesh,9,Pratapgarh,173,800,900,850
2023-11-19,Potato,24,Uttar Pradesh,9,Pratapgarh,173,800,900,850
2023-11-18,Potato,24,Uttar Pradesh,9,Pratapgarh,173,800,950,855
2023-11-17,Potato,24,Uttar Pradesh,9,Pratapgarh,173,800,950,860
2023-11-16,Potato,24,Uttar Pradesh,9,Pratapgarh,173,800,950,870
2023-11-15,Potato,24,Uttar Pradesh,9,Pratapgarh,173,800,980,870
2023-11-14,Potato,24,Uttar Pradesh,9,Pratapgarh,173,800,950,880
2023-11-10,Potato,24,Uttar Pradesh,9,Pratapgarh,173,850,950,900
2023-11-09,Potato,24,Uttar Pradesh,9,Pratapgarh,173,800,1000,890
2023-11-08,Potato,24,Uttar Pradesh,9,Pratapgarh,173,900,1000,920
2023-11-07,Potato,24,Uttar Pradesh,9,Pratapgarh,173,900,1050,925
2023-11-06,Potato,24,Uttar Pradesh,9,Pratapgarh,173,900,1100,930
2023-11-05,Potato,24,Uttar Pradesh,9,Pratapgarh,173,900,1050,945
2023-11-04,Potato,24,Uttar Pradesh,9,Pratapgarh,173,900,1050,940
2023-11-03,Potato,24,Uttar Pradesh,9,Pratapgarh,173,945,955,950
2023-11-02,Potato,24,Uttar Pradesh,9,Pratapgarh,173,900,1050,945
2023-11-01,Potato,24,Uttar Pradesh,9,Pratapgarh,173,900,1050,950
2023-10-31,Potato,24,Uttar Pradesh,9,Pratapgarh,173,900,1080,955
2023-10-30,Potato,24,Uttar Pradesh,9,Pratapgarh,173,900,1050,950
2023-10-29,Potato,24,Uttar Pradesh,9,Pratapgarh,173,900,1050,955
2023-10-28,Potato,24,Uttar Pradesh,9,Pratapgarh,173,900,1050,960
2023-10-27,Potato,24,Uttar Pradesh,9,Pratapgarh,173,900,1050,960
2023-10-26,Potato,24,Uttar Pradesh,9,Pratapgarh,173,900,1000,940
2023-10-25,Potato,24,Uttar Pradesh,9,Pratapgarh,173,900,1050,950
2023-10-24,Potato,24,Uttar Pradesh,9,Pratapgarh,173,900,1050,960
2023-10-21,Potato,24,Uttar Pradesh,9,Pratapgarh,173,900,1050,940
2023-10-20,Potato,24,Uttar Pradesh,9,Pratapgarh,173,900,1050,950
2023-10-19,Potato,24,Uttar Pradesh,9,Pratapgarh,173,900,1100,940
2023-10-18,Potato,24,Uttar Pradesh,9,Pratapgarh,173,900,1050,950
2023-10-17,Potato,24,Uttar Pradesh,9,Pratapgarh,173,900,1050,930
2023-10-16,Potato,24,Uttar Pradesh,9,Pratapgarh,173,900,1150,940
2023-10-15,Potato,24,Uttar Pradesh,9,Pratapgarh,173,900,1100,950
2023-10-14,Potato,24,Uttar Pradesh,9,Pratapgarh,173,900,1100,960
2023-10-13,Potato,24,Uttar Pradesh,9,Pratapgarh,173,900,1050,960
2023-10-12,Potato,24,Uttar Pradesh,9,Pratapgarh,173,900,1100,950
2023-10-11,Potato,24,Uttar Pradesh,9,Pratapgarh,173,900,1150,950
2023-10-10,Potato,24,Uttar Pradesh,9,Pratapgarh,173,900,1050,960
2023-10-09,Potato,24,Uttar Pradesh,9,Pratapgarh,173,900,1000,960
2023-10-08,Potato,24,Uttar Pradesh,9,Pratapgarh,173,900,1000,950
2023-10-07,Potato,24,Uttar Pradesh,9,Pratapgarh,173,900,1000,930
2023-10-06,Potato,24,Uttar Pradesh,9,Pratapgarh,173,900,1000,950
2023-10-05,Potato,24,Uttar Pradesh,9,Pratapgarh,173,900,1000,940
2023-10-03,Potato,24,Uttar Pradesh,9,Pratapgarh,173,900,1080,940
2023-10-02,Potato,24,Uttar Pradesh,9,Pratapgarh,173,900,1000,940
2023-10-01,Potato,24,Uttar Pradesh,9,Pratapgarh,173,900,1000,940
2023-09-30,Potato,24,Uttar Pradesh,9,Pratapgarh,173,900,1100,945
2023-09-29,Potato,24,Uttar Pradesh,9,Pratapgarh,173,900,1050,940
2023-09-28,Potato,24,Uttar Pradesh,9,Pratapgarh,173,890,1080,920
2023-09-27,Potato,24,Uttar Pradesh,9,Pratapgarh,173,900,1050,930
2023-09-26,Potato,24,Uttar Pradesh,9,Pratapgarh,173,900,1080,945
2023-09-25,Potato,24,Uttar Pradesh,9,Pratapgarh,173,900,1050,945
2023-09-24,Potato,24,Uttar Pradesh,9,Pratapgarh,173,900,1050,960
2023-09-22,Potato,24,Uttar Pradesh,9,Pratapgarh,173,900,1100,1000
2023-09-21,Potato,24,Uttar Pradesh,9,Pratapgarh,173,950,1100,1010
2023-09-20,Potato,24,Uttar Pradesh,9,Pratapgarh,173,950,1120,1000
2023-09-19,Potato,24,Uttar Pradesh,9,Pratapgarh,173,1000,1120,1030
2023-09-18,Potato,24,Uttar Pradesh,9,Pratapgarh,173,1000,1150,1040
2023-09-17,Potato,24,Uttar Pradesh,9,Pratapgarh,173,1100,1250,1140
2023-09-16,Potato,24,Uttar Pradesh,9,Pratapgarh,173,1000,1150,1060
2023-09-15,Potato,24,Uttar Pradesh,9,Pratapgarh,173,1000,1200,1075
2023-09-14,Potato,24,Uttar Pradesh,9,Pratapgarh,173,1000,1200,1070
2023-09-13,Potato,24,Uttar Pradesh,9,Pratapgarh,173,1000,1150,1075
2023-09-12,Potato,24,Uttar Pradesh,9,Pratapgarh,173,1000,1150,1080
2023-09-11,Potato,24,Uttar Pradesh,9,Pratapgarh,173,1000,1200,1100
2023-09-10,Potato,24,Uttar Pradesh,9,Pratapgarh,173,1100,1200,1130
2023-09-09,Potato,24,Uttar Pradesh,9,Pratapgarh,173,1100,1200,1140
2023-09-08,Potato,24,Uttar Pradesh,9,Pratapgarh,173,1100,1250,1150
2023-09-07,Potato,24,Uttar Pradesh,9,Pratapgarh,173,1100,1250,1130
2023-09-06,Potato,24,Uttar Pradesh,9,Pratapgarh,173,1100,1200,1140
2023-09-05,Potato,24,Uttar Pradesh,9,Pratapgarh,173,1100,1250,1130
2023-09-04,Potato,24,Uttar Pradesh,9,Pratapgarh,173,1100,1250,1140
2023-09-03,Potato,24,Uttar Pradesh,9,Pratapgarh,173,1100,1250,1150
2023-09-02,Potato,24,Uttar Pradesh,9,Pratapgarh,173,1100,1250,1160
2023-09-01,Potato,24,Uttar Pradesh,9,Pratapgarh,173,1100,1250,1140
2023-08-31,Potato,24,Uttar Pradesh,9,Pratapgarh,173,1100,1250,1125
2023-08-30,Potato,24,Uttar Pradesh,9,Pratapgarh,173,1100,1250,1130
2023-08-29,Potato,24,Uttar Pradesh,9,Pratapgarh,173,1100,1250,1135
2023-08-28,Potato,24,Uttar Pradesh,9,Pratapgarh,173,1100,1200,1130
2023-08-27,Potato,24,Uttar Pradesh,9,Pratapgarh,173,1100,1200,1125
2023-08-26,Potato,24,Uttar Pradesh,9,Pratapgarh,173,1050,1200,1125
2023-08-25,Potato,24,Uttar Pradesh,9,Pratapgarh,173,1100,1250,1130
2023-08-24,Potato,24,Uttar Pradesh,9,Pratapgarh,173,1100,1250,1140
2023-08-23,Potato,24,Uttar Pradesh,9,Pratapgarh,173,1100,1250,1150
2023-08-22,Potato,24,Uttar Pradesh,9,Pratapgarh,173,1100,1250,1140
2023-08-21,Potato,24,Uttar Pradesh,9,Pratapgarh,173,1100,1250,1150
2023-08-20,Potato,24,Uttar Pradesh,9,Pratapgarh,173,1100,1300,1170
2023-08-19,Potato,24,Uttar Pradesh,9,Pratapgarh,173,1100,1300,1170
2023-08-18,Potato,24,Uttar Pradesh,9,Pratapgarh,173,1100,1300,1175
2023-08-17,Potato,24,Uttar Pradesh,9,Pratapgarh,173,1150,1250,1180
2023-08-16,Potato,24,Uttar Pradesh,9,Pratapgarh,173,1100,1300,1190
2023-08-14,Potato,24,Uttar Pradesh,9,Pratapgarh,173,1100,1300,1190
2023-08-13,Potato,24,Uttar Pradesh,9,Pratapgarh,173,1150,1350,1200
2023-08-12,Potato,24,Uttar Pradesh,9,Pratapgarh,173,1200,1350,1225
2023-08-11,Potato,24,Uttar Pradesh,9,Pratapgarh,173,1100,1300,1200
2023-08-10,Potato,24,Uttar Pradesh,9,Pratapgarh,173,1150,1350,1210
2023-08-09,Potato,24,Uttar Pradesh,9,Pratapgarh,173,1200,1320,1220
2023-08-08,Potato,24,Uttar Pradesh,9,Pratapgarh,173,1200,1300,1225
2023-08-07,Potato,24,Uttar Pradesh,9,Pratapgarh,173,1150,1350,1220
2023-08-06,Potato,24,Uttar Pradesh,9,Pratapgarh,173,1150,1350,1220
2023-08-05,Potato,24,Uttar Pradesh,9,Pratapgarh,173,1200,1350,1215
2023-08-04,Potato,24,Uttar Pradesh,9,Pratapgarh,173,1180,1350,1225
2023-08-03,Potato,24,Uttar Pradesh,9,Pratapgarh,173,1150,1300,1220
2023-08-02,Potato,24,Uttar Pradesh,9,Pratapgarh,173,1150,1350,1225
2023-08-01,Potato,24,Uttar Pradesh,9,Pratapgarh,173,1150,1350,1220
2023-07-31,Potato,24,Uttar Pradesh,9,Pratapgarh,173,1150,1350,1210
2023-07-30,Potato,24,Uttar Pradesh,9,Pratapgarh,173,1200,1350,1225
2023-07-29,Potato,24,Uttar Pradesh,9,Pratapgarh,173,1200,1300,1220
2023-07-28,Potato,24,Uttar Pradesh,9,Pratapgarh,173,1200,1300,1225
2023-07-27,Potato,24,Uttar Pradesh,9,Pratapgarh,173,1150,1300,1220
2023-07-26,Potato,24,Uttar Pradesh,9,Pratapgarh,173,1150,1400,1220
2023-07-25,Potato,24,Uttar Pradesh,9,Pratapgarh,173,1150,1300,1210
2023-07-24,Potato,24,Uttar Pradesh,9,Pratapgarh,173,1150,1350,1215
2023-07-23,Potato,24,Uttar Pradesh,9,Pratapgarh,173,1150,1350,1210
2023-07-22,Potato,24,Uttar Pradesh,9,Pratapgarh,173,1150,1350,1215
2023-07-21,Potato,24,Uttar Pradesh,9,Pratapgarh,173,1150,1350,1200
2023-07-20,Potato,24,Uttar Pradesh,9,Pratapgarh,173,1150,1300,1210
2023-07-19,Potato,24,Uttar Pradesh,9,Pratapgarh,173,1150,1350,1200
2023-07-18,Potato,24,Uttar Pradesh,9,Pratapgarh,173,1150,1350,1210
2023-07-17,Potato,24,Uttar Pradesh,9,Pratapgarh,173,1150,1350,1200
2023-07-16,Potato,24,Uttar Pradesh,9,Pratapgarh,173,1150,1250,1200
2023-07-15,Potato,24,Uttar Pradesh,9,Pratapgarh,173,1100,1350,1200
2023-07-14,Potato,24,Uttar Pradesh,9,Pratapgarh,173,1100,1300,1195
2023-07-13,Potato,24,Uttar Pradesh,9,Pratapgarh,173,1100,1320,1190
2023-07-12,Potato,24,Uttar Pradesh,9,Pratapgarh,173,1100,1250,1180
2023-07-11,Potato,24,Uttar Pradesh,9,Pratapgarh,173,1100,1350,1190
2023-07-10,Potato,24,Uttar Pradesh,9,Pratapgarh,173,1100,1300,1185
2023-07-09,Potato,24,Uttar Pradesh,9,Pratapgarh,173,1100,1350,1190
2023-07-08,Potato,24,Uttar Pradesh,9,Pratapgarh,173,1100,1350,1180
2023-07-07,Potato,24,Uttar Pradesh,9,Pratapgarh,173,1100,1350,1190
2023-07-06,Potato,24,Uttar Pradesh,9,Pratapgarh,173,1100,1250,1185
2023-07-05,Potato,24,Uttar Pradesh,9,Pratapgarh,173,1100,1300,1180
2023-07-04,Potato,24,Uttar Pradesh,9,Pratapgarh,173,1100,1300,1185
2023-07-03,Potato,24,Uttar Pradesh,9,Pratapgarh,173,1100,1350,1180
2023-07-02,Potato,24,Uttar Pradesh,9,Pratapgarh,173,1100,1200,1150
2023-07-01,Potato,24,Uttar Pradesh,9,Pratapgarh,173,1100,1250,1125
2023-06-30,Potato,24,Uttar Pradesh,9,Pratapgarh,173,1000,1200,1100
2023-06-29,Potato,24,Uttar Pradesh,9,Pratapgarh,173,1050,1250,1110
2023-06-28,Potato,24,Uttar Pradesh,9,Pratapgarh,173,1050,1250,1100
2023-06-27,Potato,24,Uttar Pradesh,9,Pratapgarh,173,1100,1200,1125
2023-06-26,Potato,24,Uttar Pradesh,9,Pratapgarh,173,1080,1150,1100
2023-06-24,Potato,24,Uttar Pradesh,9,Pratapgarh,173,1050,1200,1100
2023-06-22,Potato,24,Uttar Pradesh,9,Pratapgarh,173,1000,1200,1085
2023-06-21,Potato,24,Uttar Pradesh,9,Pratapgarh,173,1000,1200,1095
2023-06-20,Potato,24,Uttar Pradesh,9,Pratapgarh,173,1050,1200,1090
2023-06-19,Potato,24,Uttar Pradesh,9,Pratapgarh,173,1000,1200,1095
2023-06-18,Potato,24,Uttar Pradesh,9,Pratapgarh,173,1000,1250,1090
2023-06-17,Potato,24,Uttar Pradesh,9,Pratapgarh,173,1000,1150,1090
2023-06-16,Potato,24,Uttar Pradesh,9,Pratapgarh,173,1000,1200,1085
2023-06-15,Potato,24,Uttar Pradesh,9,Pratapgarh,173,1000,1200,1090
2023-06-14,Potato,24,Uttar Pradesh,9,Pratapgarh,173,1000,1200,1085
2023-06-13,Potato,24,Uttar Pradesh,9,Pratapgarh,173,1000,1150,1080
2023-06-12,Potato,24,Uttar Pradesh,9,Pratapgarh,173,1000,1150,1075
2023-06-11,Potato,24,Uttar Pradesh,9,Pratapgarh,173,1000,1150,1075
2023-06-10,Potato,24,Uttar Pradesh,9,Pratapgarh,173,1000,1150,1080
2023-06-09,Potato,24,Uttar Pradesh,9,Pratapgarh,173,1000,1200,1070
2023-06-08,Potato,24,Uttar Pradesh,9,Pratapgarh,173,1000,1200,1070
2023-06-07,Potato,24,Uttar Pradesh,9,Pratapgarh,173,1000,1200,1075
2023-06-06,Potato,24,Uttar Pradesh,9,Pratapgarh,173,1000,1150,1070
2023-06-05,Potato,24,Uttar Pradesh,9,Pratapgarh,173,1000,1200,1075
2023-06-04,Potato,24,Uttar Pradesh,9,Pratapgarh,173,1000,1150,1080
2023-06-03,Potato,24,Uttar Pradesh,9,Pratapgarh,173,1000,1150,1070
2023-06-02,Potato,24,Uttar Pradesh,9,Pratapgarh,173,1000,1150,1065
2023-06-01,Potato,24,Uttar Pradesh,9,Pratapgarh,173,1000,1250,1070
2023-05-31,Potato,24,Uttar Pradesh,9,Pratapgarh,173,1000,1150,1065
2023-05-30,Potato,24,Uttar Pradesh,9,Pratapgarh,173,1000,1150,1060
2023-05-29,Potato,24,Uttar Pradesh,9,Pratapgarh,173,1000,1200,1050
2023-05-28,Potato,24,Uttar Pradesh,9,Pratapgarh,173,1000,1100,1060
2023-05-27,Potato,24,Uttar Pradesh,9,Pratapgarh,173,1000,1100,1050
2023-05-26,Potato,24,Uttar Pradesh,9,Pratapgarh,173,1000,1050,1030
2023-05-25,Potato,24,Uttar Pradesh,9,Pratapgarh,173,1000,1150,1025
2023-05-24,Potato,24,Uttar Pradesh,9,Pratapgarh,173,1000,1100,1030
2023-05-23,Potato,24,Uttar Pradesh,9,Pratapgarh,173,950,1100,1020
2023-05-22,Potato,24,Uttar Pradesh,9,Pratapgarh,173,950,1100,1015
2023-05-21,Potato,24,Uttar Pradesh,9,Pratapgarh,173,950,1100,1000
2023-05-20,Potato,24,Uttar Pradesh,9,Pratapgarh,173,1000,1250,1020
2023-05-19,Potato,24,Uttar Pradesh,9,Pratapgarh,173,950,1150,1000
2023-05-18,Potato,24,Uttar Pradesh,9,Pratapgarh,173,900,1100,990
2023-05-17,Potato,24,Uttar Pradesh,9,Pratapgarh,173,900,1050,990
2023-05-16,Potato,24,Uttar Pradesh,9,Pratapgarh,173,900,1100,975
2023-05-15,Potato,24,Uttar Pradesh,9,Pratapgarh,173,900,1100,990
2023-05-12,Potato,24,Uttar Pradesh,9,Pratapgarh,173,900,1050,960
2023-05-11,Potato,24,Uttar Pradesh,9,Pratapgarh,173,900,1000,970
2023-05-10,Potato,24,Uttar Pradesh,9,Pratapgarh,173,900,1000,960
2023-05-09,Potato,24,Uttar Pradesh,9,Pratapgarh,173,900,1050,950
2023-05-08,Potato,24,Uttar Pradesh,9,Pratapgarh,173,900,1050,950
2023-05-07,Potato,24,Uttar Pradesh,9,Pratapgarh,173,900,1050,960
2023-05-06,Potato,24,Uttar Pradesh,9,Pratapgarh,173,900,1050,955
2023-05-05,Potato,24,Uttar Pradesh,9,Pratapgarh,173,900,1000,950
2023-05-04,Potato,24,Uttar Pradesh,9,Pratapgarh,173,900,1000,960
2023-05-03,Potato,24,Uttar Pradesh,9,Pratapgarh,173,900,1000,950
2023-05-02,Potato,24,Uttar Pradesh,9,Pratapgarh,173,920,960,940
2023-05-01,Potato,24,Uttar Pradesh,9,Pratapgarh,173,900,970,950
2023-04-29,Potato,24,Uttar Pradesh,9,Pratapgarh,173,920,980,940
2023-04-28,Potato,24,Uttar Pradesh,9,Pratapgarh,173,900,1000,950
2023-04-27,Potato,24,Uttar Pradesh,9,Pratapgarh,173,900,1000,945
2023-04-26,Potato,24,Uttar Pradesh,9,Pratapgarh,173,900,1050,940
2023-04-25,Potato,24,Uttar Pradesh,9,Pratapgarh,173,900,1050,935
2023-04-24,Potato,24,Uttar Pradesh,9,Pratapgarh,173,900,1050,930
2023-04-23,Potato,24,Uttar Pradesh,9,Pratapgarh,173,900,1050,925
2023-04-22,Potato,24,Uttar Pradesh,9,Pratapgarh,173,900,1000,920
2023-04-21,Potato,24,Uttar Pradesh,9,Pratapgarh,173,900,1050,915
2023-04-20,Potato,24,Uttar Pradesh,9,Pratapgarh,173,850,1000,920
2023-04-19,Potato,24,Uttar Pradesh,9,Pratapgarh,173,850,1000,900
2023-04-18,Potato,24,Uttar Pradesh,9,Pratapgarh,173,850,950,910
2023-04-17,Potato,24,Uttar Pradesh,9,Pratapgarh,173,850,950,900
2023-04-16,Potato,24,Uttar Pradesh,9,Pratapgarh,173,850,1050,900
2023-04-15,Potato,24,Uttar Pradesh,9,Pratapgarh,173,900,950,920
2023-04-14,Potato,24,Uttar Pradesh,9,Pratapgarh,173,850,1050,930
2023-04-13,Potato,24,Uttar Pradesh,9,Pratapgarh,173,900,1050,925
2023-04-12,Potato,24,Uttar Pradesh,9,Pratapgarh,173,800,1000,900
2023-04-11,Potato,24,Uttar Pradesh,9,Pratapgarh,173,800,950,850
2023-04-10,Potato,24,Uttar Pradesh,9,Pratapgarh,173,700,850,725
2023-04-09,Potato,24,Uttar Pradesh,9,Pratapgarh,173,650,850,700
2023-04-08,Potato,24,Uttar Pradesh,9,Pratapgarh,173,700,850,720
2023-04-07,Potato,24,Uttar Pradesh,9,Pratapgarh,173,650,750,680
2023-04-06,Potato,24,Uttar Pradesh,9,Pratapgarh,173,650,720,675
2023-04-05,Potato,24,Uttar Pradesh,9,Pratapgarh,173,600,750,670
2023-04-04,Potato,24,Uttar Pradesh,9,Pratapgarh,173,600,700,660
2023-04-03,Potato,24,Uttar Pradesh,9,Pratapgarh,173,600,700,650
2023-04-02,Potato,24,Uttar Pradesh,9,Pratapgarh,173,600,700,660
2023-04-01,Potato,24,Uttar Pradesh,9,Pratapgarh,173,600,750,665
2023-03-31,Potato,24,Uttar Pradesh,9,Pratapgarh,173,600,850,670
2023-03-30,Potato,24,Uttar Pradesh,9,Pratapgarh,173,600,700,645
2023-03-29,Potato,24,Uttar Pradesh,9,Pratapgarh,173,600,700,650
2023-03-28,Potato,24,Uttar Pradesh,9,Pratapgarh,173,600,720,640
2023-03-27,Potato,24,Uttar Pradesh,9,Pratapgarh,173,600,700,650
2023-03-26,Potato,24,Uttar Pradesh,9,Pratapgarh,173,600,700,645
2023-03-25,Potato,24,Uttar Pradesh,9,Pratapgarh,173,600,750,650
2023-03-24,Potato,24,Uttar Pradesh,9,Pratapgarh,173,600,750,650
2023-03-23,Potato,24,Uttar Pradesh,9,Pratapgarh,173,600,700,640
2023-03-22,Potato,24,Uttar Pradesh,9,Pratapgarh,173,600,700,650
2023-03-21,Potato,24,Uttar Pradesh,9,Pratapgarh,173,600,750,640
2023-03-20,Potato,24,Uttar Pradesh,9,Pratapgarh,173,600,750,645
2023-03-19,Potato,24,Uttar Pradesh,9,Pratapgarh,173,600,720,650
2023-03-18,Potato,24,Uttar Pradesh,9,Pratapgarh,173,600,750,645
2023-03-17,Potato,24,Uttar Pradesh,9,Pratapgarh,173,600,750,650
2023-03-16,Potato,24,Uttar Pradesh,9,Pratapgarh,173,600,700,640
2023-03-15,Potato,24,Uttar Pradesh,9,Pratapgarh,173,600,750,650
2023-03-14,Potato,24,Uttar Pradesh,9,Pratapgarh,173,600,650,625
2023-03-13,Potato,24,Uttar Pradesh,9,Pratapgarh,173,580,700,600
2023-03-12,Potato,24,Uttar Pradesh,9,Pratapgarh,173,590,700,620
2023-03-11,Potato,24,Uttar Pradesh,9,Pratapgarh,173,590,700,610
2023-03-10,Potato,24,Uttar Pradesh,9,Pratapgarh,173,600,750,640
2023-03-09,Potato,24,Uttar Pradesh,9,Pratapgarh,173,600,700,645
2023-03-07,Potato,24,Uttar Pradesh,9,Pratapgarh,173,650,700,670
2023-03-06,Potato,24,Uttar Pradesh,9,Pratapgarh,173,600,750,650
2023-03-05,Potato,24,Uttar Pradesh,9,Pratapgarh,173,600,750,645
2023-03-04,Potato,24,Uttar Pradesh,9,Pratapgarh,173,650,700,670
2023-03-03,Potato,24,Uttar Pradesh,9,Pratapgarh,173,650,680,660
2023-03-02,Potato,24,Uttar Pradesh,9,Pratapgarh,173,660,670,665
2023-03-01,Potato,24,Uttar Pradesh,9,Pratapgarh,173,630,700,660
2023-02-28,Potato,24,Uttar Pradesh,9,Pratapgarh,173,600,750,660
2023-02-27,Potato,24,Uttar Pradesh,9,Pratapgarh,173,600,850,670
2023-02-26,Potato,24,Uttar Pradesh,9,Pratapgarh,173,650,750,680
2023-02-25,Potato,24,Uttar Pradesh,9,Pratapgarh,173,600,850,670
2023-02-24,Potato,24,Uttar Pradesh,9,Pratapgarh,173,600,700,675
2023-02-23,Potato,24,Uttar Pradesh,9,Pratapgarh,173,650,750,675
2023-02-22,Potato,24,Uttar Pradesh,9,Pratapgarh,173,600,770,670
2023-02-21,Potato,24,Uttar Pradesh,9,Pratapgarh,173,600,700,665
2023-02-20,Potato,24,Uttar Pradesh,9,Pratapgarh,173,600,700,670
2023-02-19,Potato,24,Uttar Pradesh,9,Pratapgarh,173,600,700,665
2023-02-18,Potato,24,Uttar Pradesh,9,Pratapgarh,173,600,700,660
2023-02-17,Potato,24,Uttar Pradesh,9,Pratapgarh,173,600,700,650
2023-02-16,Potato,24,Uttar Pradesh,9,Pratapgarh,173,600,700,660
2023-02-15,Potato,24,Uttar Pradesh,9,Pratapgarh,173,600,700,660
2023-02-14,Potato,24,Uttar Pradesh,9,Pratapgarh,173,600,750,650
2023-02-13,Potato,24,Uttar Pradesh,9,Pratapgarh,173,700,850,745
2023-02-12,Potato,24,Uttar Pradesh,9,Pratapgarh,173,700,850,740
2023-02-11,Potato,24,Uttar Pradesh,9,Pratapgarh,173,700,850,735
2023-02-10,Potato,24,Uttar Pradesh,9,Pratapgarh,173,700,800,730
2023-02-09,Potato,24,Uttar Pradesh,9,Pratapgarh,173,700,750,725
2023-02-08,Potato,24,Uttar Pradesh,9,Pratapgarh,173,680,850,720
2023-02-07,Potato,24,Uttar Pradesh,9,Pratapgarh,173,700,800,725
2023-02-06,Potato,24,Uttar Pradesh,9,Pratapgarh,173,700,850,730
2023-02-05,Potato,24,Uttar Pradesh,9,Pratapgarh,173,700,850,725
2023-02-04,Potato,24,Uttar Pradesh,9,Pratapgarh,173,700,850,735
2023-02-03,Potato,24,Uttar Pradesh,9,Pratapgarh,173,700,820,740
2023-02-02,Potato,24,Uttar Pradesh,9,Pratapgarh,173,700,850,775
2023-02-01,Potato,24,Uttar Pradesh,9,Pratapgarh,173,700,850,770
2023-01-31,Potato,24,Uttar Pradesh,9,Pratapgarh,173,700,800,760
2023-01-30,Potato,24,Uttar Pradesh,9,Pratapgarh,173,700,850,750
2023-01-29,Potato,24,Uttar Pradesh,9,Pratapgarh,173,700,850,760
2023-01-28,Potato,24,Uttar Pradesh,9,Pratapgarh,173,750,900,780
2023-01-27,Potato,24,Uttar Pradesh,9,Pratapgarh,173,750,850,785
2023-01-25,Potato,24,Uttar Pradesh,9,Pratapgarh,173,700,850,780
2023-01-24,Potato,24,Uttar Pradesh,9,Pratapgarh,173,750,850,790
2023-01-23,Potato,24,Uttar Pradesh,9,Pratapgarh,173,750,950,800
2023-01-22,Potato,24,Uttar Pradesh,9,Pratapgarh,173,775,950,810
2023-01-21,Potato,24,Uttar Pradesh,9,Pratapgarh,173,750,950,800
2023-01-20,Potato,24,Uttar Pradesh,9,Pratapgarh,173,775,950,815
2023-01-19,Potato,24,Uttar Pradesh,9,Pratapgarh,173,760,850,800
2023-01-18,Potato,24,Uttar Pradesh,9,Pratapgarh,173,800,850,820
2023-01-17,Potato,24,Uttar Pradesh,9,Pratapgarh,173,750,850,800
2023-01-16,Potato,24,Uttar Pradesh,9,Pratapgarh,173,775,950,820
2023-01-15,Potato,24,Uttar Pradesh,9,Pratapgarh,173,750,950,800
2023-01-14,Potato,24,Uttar Pradesh,9,Pratapgarh,173,775,900,810
2023-01-13,Potato,24,Uttar Pradesh,9,Pratapgarh,173,750,900,800
2023-01-12,Potato,24,Uttar Pradesh,9,Pratapgarh,173,750,950,810
2023-01-11,Potato,24,Uttar Pradesh,9,Pratapgarh,173,775,850,800
2023-01-10,Potato,24,Uttar Pradesh,9,Pratapgarh,173,775,950,815
2023-01-09,Potato,24,Uttar Pradesh,9,Pratapgarh,173,750,950,800
2023-01-08,Potato,24,Uttar Pradesh,9,Pratapgarh,173,750,950,800
2023-01-07,Potato,24,Uttar Pradesh,9,Pratapgarh,173,780,850,800
2023-01-06,Potato,24,Uttar Pradesh,9,Pratapgarh,173,750,950,800
2023-01-05,Potato,24,Uttar Pradesh,9,Pratapgarh,173,750,950,800
2023-01-04,Potato,24,Uttar Pradesh,9,Pratapgarh,173,800,950,850
2023-01-03,Potato,24,Uttar Pradesh,9,Pratapgarh,173,800,950,850
2023-01-02,Potato,24,Uttar Pradesh,9,Pratapgarh,173,800,950,860
2022-12-31,Potato,24,Uttar Pradesh,9,Pratapgarh,173,850,1050,900
2022-12-30,Potato,24,Uttar Pradesh,9,Pratapgarh,173,950,1150,1020
2022-12-29,Potato,24,Uttar Pradesh,9,Pratapgarh,173,950,1150,1000
2022-12-28,Potato,24,Uttar Pradesh,9,Pratapgarh,173,950,1100,1020
2022-12-27,Potato,24,Uttar Pradesh,9,Pratapgarh,173,900,1100,1000
2022-12-26,Potato,24,Uttar Pradesh,9,Pratapgarh,173,950,1150,1000
2022-12-25,Potato,24,Uttar Pradesh,9,Pratapgarh,173,1100,1250,1170
2022-12-24,Potato,24,Uttar Pradesh,9,Pratapgarh,173,1150,1250,1180
2022-12-23,Potato,24,Uttar Pradesh,9,Pratapgarh,173,1150,1250,1200
2022-12-22,Potato,24,Uttar Pradesh,9,Pratapgarh,173,1150,1250,1200
2022-12-21,Potato,24,Uttar Pradesh,9,Pratapgarh,173,1150,1300,1210
2022-12-20,Potato,24,Uttar Pradesh,9,Pratapgarh,173,1100,1350,1200
2022-12-19,Potato,24,Uttar Pradesh,9,Pratapgarh,173,1100,1300,1180
2022-12-18,Potato,24,Uttar Pradesh,9,Pratapgarh,173,1100,1350,1200
2022-12-17,Potato,24,Uttar Pradesh,9,Pratapgarh,173,1150,1350,1200
2022-12-16,Potato,24,Uttar Pradesh,9,Pratapgarh,173,1150,1300,1225
2022-12-15,Potato,24,Uttar Pradesh,9,Pratapgarh,173,1150,1350,1200
2022-12-14,Potato,24,Uttar Pradesh,9,Pratapgarh,173,1150,1300,1200
2022-12-13,Potato,24,Uttar Pradesh,9,Pratapgarh,173,1150,1350,1200
2022-12-12,Potato,24,Uttar Pradesh,9,Pratapgarh,173,1250,1400,1300
2022-12-11,Potato,24,Uttar Pradesh,9,Pratapgarh,173,1250,1450,1300
2022-12-10,Potato,24,Uttar Pradesh,9,Pratapgarh,173,1250,1450,1300
2022-12-09,Potato,24,Uttar Pradesh,9,Pratapgarh,173,1280,1450,1310
2022-12-08,Potato,24,Uttar Pradesh,9,Pratapgarh,173,1200,1450,1300
2022-12-07,Potato,24,Uttar Pradesh,9,Pratapgarh,173,1300,1450,1375
2022-12-06,Potato,24,Uttar Pradesh,9,Pratapgarh,173,1300,1400,1370
2022-12-05,Potato,24,Uttar Pradesh,9,Pratapgarh,173,1300,1500,1380
2022-12-04,Potato,24,Uttar Pradesh,9,Pratapgarh,173,1350,1550,1400
2022-12-03,Potato,24,Uttar Pradesh,9,Pratapgarh,173,1380,1500,1400
2022-12-02,Potato,24,Uttar Pradesh,9,Pratapgarh,173,1300,1550,1400
2022-12-01,Potato,24,Uttar Pradesh,9,Pratapgarh,173,1400,1650,1450
2022-11-30,Potato,24,Uttar Pradesh,9,Pratapgarh,173,1400,1550,1470
2022-11-29,Potato,24,Uttar Pradesh,9,Pratapgarh,173,1400,1550,1480
2022-11-28,Potato,24,Uttar Pradesh,9,Pratapgarh,173,1400,1550,1460
2022-11-27,Potato,24,Uttar Pradesh,9,Pratapgarh,173,1400,1650,1450
2022-11-26,Potato,24,Uttar Pradesh,9,Pratapgarh,173,1400,1550,1450
2022-11-25,Potato,24,Uttar Pradesh,9,Pratapgarh,173,1450,1600,1480
2022-11-24,Potato,24,Uttar Pradesh,9,Pratapgarh,173,1400,1500,1450
2022-11-23,Potato,24,Uttar Pradesh,9,Pratapgarh,173,1400,1500,1470
2022-11-22,Potato,24,Uttar Pradesh,9,Pratapgarh,173,1400,1550,1480
2022-11-21,Potato,24,Uttar Pradesh,9,Pratapgarh,173,1400,1600,1500
2022-11-20,Potato,24,Uttar Pradesh,9,Pratapgarh,173,1450,1550,1500
2022-11-19,Potato,24,Uttar Pradesh,9,Pratapgarh,173,1450,1650,1500
2022-11-18,Potato,24,Uttar Pradesh,9,Pratapgarh,173,1500,1650,1550
2022-11-17,Potato,24,Uttar Pradesh,9,Pratapgarh,173,1550,1750,1600
2022-11-16,Potato,24,Uttar Pradesh,9,Pratapgarh,173,1550,1700,1600
2022-11-15,Potato,24,Uttar Pradesh,9,Pratapgarh,173,1650,1850,1700
2022-11-14,Potato,24,Uttar Pradesh,9,Pratapgarh,173,1650,1850,1700
2022-11-13,Potato,24,Uttar Pradesh,9,Pratapgarh,173,1800,2000,1850
2022-11-12,Potato,24,Uttar Pradesh,9,Pratapgarh,173,1750,2000,1820
2022-11-11,Potato,24,Uttar Pradesh,9,Pratapgarh,173,1750,1950,1800
2022-11-10,Potato,24,Uttar Pradesh,9,Pratapgarh,173,1800,2000,1850
2022-11-09,Potato,24,Uttar Pradesh,9,Pratapgarh,173,1800,2050,1860
2022-11-08,Potato,24,Uttar Pradesh,9,Pratapgarh,173,1800,1950,1840
2022-11-07,Potato,24,Uttar Pradesh,9,Pratapgarh,173,1800,1950,1830
2022-11-06,Potato,24,Uttar Pradesh,9,Pratapgarh,173,1800,2000,1850
2022-11-05,Potato,24,Uttar Pradesh,9,Pratapgarh,173,1800,2000,1850
2022-11-04,Potato,24,Uttar Pradesh,9,Pratapgarh,173,1800,1950,1820
2022-11-03,Potato,24,Uttar Pradesh,9,Pratapgarh,173,1800,1950,1850
2022-11-02,Potato,24,Uttar Pradesh,9,Pratapgarh,173,1600,1800,1700
2022-11-01,Potato,24,Uttar Pradesh,9,Pratapgarh,173,1600,1750,1680
2022-10-31,Potato,24,Uttar Pradesh,9,Pratapgarh,173,1600,1750,1680
2022-10-30,Potato,24,Uttar Pradesh,9,Pratapgarh,173,1600,1750,1635
2022-10-29,Potato,24,Uttar Pradesh,9,Pratapgarh,173,1600,1750,1630
2022-10-28,Potato,24,Uttar Pradesh,9,Pratapgarh,173,1600,1750,1620
2022-10-27,Potato,24,Uttar Pradesh,9,Pratapgarh,173,1600,1700,1625
2022-10-26,Potato,24,Uttar Pradesh,9,Pratapgarh,173,1600,1750,1630
2022-10-24,Potato,24,Uttar Pradesh,9,Pratapgarh,173,1600,1750,1630
2022-10-23,Potato,24,Uttar Pradesh,9,Pratapgarh,173,1600,1750,1630
2022-10-22,Potato,24,Uttar Pradesh,9,Pratapgarh,173,1550,1750,1600
2022-10-21,Potato,24,Uttar Pradesh,9,Pratapgarh,173,1500,1700,1600
2022-10-20,Potato,24,Uttar Pradesh,9,Pratapgarh,173,1550,1700,1630
2022-10-19,Potato,24,Uttar Pradesh,9,Pratapgarh,173,1600,1750,1620
2022-10-18,Potato,24,Uttar Pradesh,9,Pratapgarh,173,1600,1700,1630
2022-10-17,Potato,24,Uttar Pradesh,9,Pratapgarh,173,1600,1750,1650
2022-10-16,Potato,24,Uttar Pradesh,9,Pratapgarh,173,1600,1750,1620
2022-10-15,Potato,24,Uttar Pradesh,9,Pratapgarh,173,1600,1750,1625
2022-10-14,Potato,24,Uttar Pradesh,9,Pratapgarh,173,1500,1750,1600
2022-10-13,Potato,24,Uttar Pradesh,9,Pratapgarh,173,1500,1700,1600
2022-10-12,Potato,24,Uttar Pradesh,9,Pratapgarh,173,1550,1650,1580
2022-10-11,Potato,24,Uttar Pradesh,9,Pratapgarh,173,1500,1650,1600
2022-10-10,Potato,24,Uttar Pradesh,9,Pratapgarh,173,1550,1650,1600
2022-10-09,Potato,24,Uttar Pradesh,9,Pratapgarh,173,1600,1750,1640
2022-10-08,Potato,24,Uttar Pradesh,9,Pratapgarh,173,1550,1750,1620
2022-10-07,Potato,24,Uttar Pradesh,9,Pratapgarh,173,1550,1750,1620
2022-10-06,Potato,24,Uttar Pradesh,9,Pratapgarh,173,1550,1650,1600
2022-10-05,Potato,24,Uttar Pradesh,9,Pratapgarh,173,1550,1750,1625
2022-10-04,Potato,24,Uttar Pradesh,9,Pratapgarh,173,1580,1750,1620
2022-10-03,Potato,24,Uttar Pradesh,9,Pratapgarh,173,1550,1700,1600
2022-10-02,Potato,24,Uttar Pradesh,9,Pratapgarh,173,1550,1750,1620
2022-10-01,Potato,24,Uttar Pradesh,9,Pratapgarh,173,1500,1750,1600
2022-09-30,Potato,24,Uttar Pradesh,9,Pratapgarh,173,1550,1650,1620
2022-09-29,Potato,24,Uttar Pradesh,9,Pratapgarh,173,1500,1650,1600
2022-09-28,Potato,24,Uttar Pradesh,9,Pratapgarh,173,1550,1700,1630
2022-09-27,Potato,24,Uttar Pradesh,9,Pratapgarh,173,1550,1750,1650
2022-09-26,Potato,24,Uttar Pradesh,9,Pratapgarh,173,1600,1750,1650
2022-09-25,Potato,24,Uttar Pradesh,9,Pratapgarh,173,1600,1750,1650
2022-09-24,Potato,24,Uttar Pradesh,9,Pratapgarh,173,1600,1750,1640
2022-09-23,Potato,24,Uttar Pradesh,9,Pratapgarh,173,1600,1750,1650
2022-09-22,Potato,24,Uttar Pradesh,9,Pratapgarh,173,1500,1600,1570
2022-09-21,Potato,24,Uttar Pradesh,9,Pratapgarh,173,1500,1700,1600
2022-09-20,Potato,24,Uttar Pradesh,9,Pratapgarh,173,1550,1750,1620
2022-09-19,Potato,24,Uttar Pradesh,9,Pratapgarh,173,1600,1750,1625
2022-09-18,Potato,24,Uttar Pradesh,9,Pratapgarh,173,1550,1750,1620
2022-09-17,Potato,24,Uttar Pradesh,9,Pratapgarh,173,1550,1700,1620
2022-09-16,Potato,24,Uttar Pradesh,9,Pratapgarh,173,1500,1700,1600
2022-09-15,Potato,24,Uttar Pradesh,9,Pratapgarh,173,1550,1650,1625
2022-09-14,Potato,24,Uttar Pradesh,9,Pratapgarh,173,1550,1700,1620
2022-09-13,Potato,24,Uttar Pradesh,9,Pratapgarh,173,1600,1700,1625
2022-09-12,Potato,24,Uttar Pradesh,9,Pratapgarh,173,1550,1750,1620
2022-09-11,Potato,24,Uttar Pradesh,9,Pratapgarh,173,1550,1750,1600
2022-09-10,Potato,24,Uttar Pradesh,9,Pratapgarh,173,1550,1750,1620
2022-09-09,Potato,24,Uttar Pradesh,9,Pratapgarh,173,1500,1750,1600
2022-09-08,Potato,24,Uttar Pradesh,9,Pratapgarh,173,1500,1650,1575
2022-09-07,Potato,24,Uttar Pradesh,9,Pratapgarh,173,1500,1650,1580
2022-09-06,Potato,24,Uttar Pradesh,9,Pratapgarh,173,1500,1700,1600
2022-09-05,Potato,24,Uttar Pradesh,9,Pratapgarh,173,1600,1750,1620
2022-09-04,Potato,24,Uttar Pradesh,9,Pratapgarh,173,1500,1800,1600
2022-09-03,Potato,24,Uttar Pradesh,9,Pratapgarh,173,1500,1650,1580
2022-09-02,Potato,24,Uttar Pradesh,9,Pratapgarh,173,1500,1700,1600
2022-09-01,Potato,24,Uttar Pradesh,9,Pratapgarh,173,1500,1650,1580
2022-08-31,Potato,24,Uttar Pradesh,9,Pratapgarh,173,1500,1700,1600
2022-08-30,Potato,24,Uttar Pradesh,9,Pratapgarh,173,1500,1750,1600
2022-08-29,Potato,24,Uttar Pradesh,9,Pratapgarh,173,1500,1650,1580
2022-08-28,Potato,24,Uttar Pradesh,9,Pratapgarh,173,1500,1650,1585
2022-08-27,Potato,24,Uttar Pradesh,9,Pratapgarh,173,1500,1650,1580
2022-08-26,Potato,24,Uttar Pradesh,9,Pratapgarh,173,1500,1600,1570
2022-08-25,Potato,24,Uttar Pradesh,9,Pratapgarh,173,1500,1650,1580
2022-08-24,Potato,24,Uttar Pradesh,9,Pratapgarh,173,1500,1700,1600
2022-08-23,Potato,24,Uttar Pradesh,9,Pratapgarh,173,1550,1700,1620
2022-08-22,Potato,24,Uttar Pradesh,9,Pratapgarh,173,1550,1700,1630
2022-08-21,Potato,24,Uttar Pradesh,9,Pratapgarh,173,1550,1700,1620
2022-08-20,Potato,24,Uttar Pradesh,9,Pratapgarh,173,1500,1750,1600
2022-08-19,Potato,24,Uttar Pradesh,9,Pratapgarh,173,1500,1700,1590
2022-08-18,Potato,24,Uttar Pradesh,9,Pratapgarh,173,1600,1690,1620
2022-08-17,Potato,24,Uttar Pradesh,9,Pratapgarh,173,1550,1750,1600
2022-08-16,Potato,24,Uttar Pradesh,9,Pratapgarh,173,1600,1700,1620
2022-08-15,Potato,24,Uttar Pradesh,9,Pratapgarh,173,1500,1750,1600
2022-08-14,Potato,24,Uttar Pradesh,9,Pratapgarh,173,1500,1750,1600
2022-08-13,Potato,24,Uttar Pradesh,9,Pratapgarh,173,1550,1700,1620
2022-08-11,Potato,24,Uttar Pradesh,9,Pratapgarh,173,1500,1750,1600
2022-08-10,Potato,24,Uttar Pradesh,9,Pratapgarh,173,1500,1685,1585
2022-08-09,Potato,24,Uttar Pradesh,9,Pratapgarh,173,1500,1650,1590
2022-08-08,Potato,24,Uttar Pradesh,9,Pratapgarh,173,1550,1750,1600
2022-08-07,Potato,24,Uttar Pradesh,9,Pratapgarh,173,1500,1750,1620
2022-08-06,Potato,24,Uttar Pradesh,9,Pratapgarh,173,1550,1750,1600
2022-08-05,Potato,24,Uttar Pradesh,9,Pratapgarh,173,1550,1750,1620
2022-08-04,Potato,24,Uttar Pradesh,9,Pratapgarh,173,1500,1700,1600
2022-08-03,Potato,24,Uttar Pradesh,9,Pratapgarh,173,1500,1700,1600
2022-08-02,Potato,24,Uttar Pradesh,9,Pratapgarh,173,1550,1700,1600
2022-08-01,Potato,24,Uttar Pradesh,9,Pratapgarh,173,1500,1600,1590
2022-07-30,Potato,24,Uttar Pradesh,9,Pratapgarh,173,1500,1680,1585
2022-07-29,Potato,24,Uttar Pradesh,9,Pratapgarh,173,1500,1650,1580
2022-07-28,Potato,24,Uttar Pradesh,9,Pratapgarh,173,1500,1600,1570
2022-07-27,Potato,24,Uttar Pradesh,9,Pratapgarh,173,1500,1600,1565
2022-07-26,Potato,24,Uttar Pradesh,9,Pratapgarh,173,1500,1600,1560
2022-07-25,Potato,24,Uttar Pradesh,9,Pratapgarh,173,1500,1650,1565
2022-07-24,Potato,24,Uttar Pradesh,9,Pratapgarh,173,1500,1650,1560
2022-07-23,Potato,24,Uttar Pradesh,9,Pratapgarh,173,1500,1650,1550
2022-07-22,Potato,24,Uttar Pradesh,9,Pratapgarh,173,1500,1650,1560
2022-07-21,Potato,24,Uttar Pradesh,9,Pratapgarh,173,1500,1600,1550
2022-07-20,Potato,24,Uttar Pradesh,9,Pratapgarh,173,1450,1650,1520
2022-07-19,Potato,24,Uttar Pradesh,9,Pratapgarh,173,1450,1650,1510
2022-07-18,Potato,24,Uttar Pradesh,9,Pratapgarh,173,1450,1650,1500
2022-07-17,Potato,24,Uttar Pradesh,9,Pratapgarh,173,1450,1650,1520
2022-07-16,Potato,24,Uttar Pradesh,9,Pratapgarh,173,1400,1550,1500
2022-07-15,Potato,24,Uttar Pradesh,9,Pratapgarh,173,1500,1550,1520
2022-07-14,Potato,24,Uttar Pradesh,9,Pratapgarh,173,1400,1600,1500
2022-07-13,Potato,24,Uttar Pradesh,9,Pratapgarh,173,1400,1650,1500
2022-07-12,Potato,24,Uttar Pradesh,9,Pratapgarh,173,1400,1550,1485
2022-07-11,Potato,24,Uttar Pradesh,9,Pratapgarh,173,1400,1600,1480
2022-07-10,Potato,24,Uttar Pradesh,9,Pratapgarh,173,1400,1500,1460
2022-07-09,Potato,24,Uttar Pradesh,9,Pratapgarh,173,1400,1550,1450
2022-07-08,Potato,24,Uttar Pradesh,9,Pratapgarh,173,1350,1550,1420
2022-07-07,Potato,24,Uttar Pradesh,9,Pratapgarh,173,1300,1550,1400
2022-07-06,Potato,24,Uttar Pradesh,9,Pratapgarh,173,1300,1450,1380
2022-07-05,Potato,24,Uttar Pradesh,9,Pratapgarh,173,1300,1450,1360
2022-07-04,Potato,24,Uttar Pradesh,9,Pratapgarh,173,1300,1450,1350
2022-07-03,Potato,24,Uttar Pradesh,9,Pratapgarh,173,1300,1450,1350
2022-07-01,Potato,24,Uttar Pradesh,9,Pratapgarh,173,1300,1400,1350
2022-06-30,Potato,24,Uttar Pradesh,9,Pratapgarh,173,1330,1370,1355
2022-06-29,Potato,24,Uttar Pradesh,9,Pratapgarh,173,1320,1365,1340
2022-06-28,Potato,24,Uttar Pradesh,9,Pratapgarh,173,1300,1450,1350
2022-06-27,Potato,24,Uttar Pradesh,9,Pratapgarh,173,1250,1400,1300
2022-06-26,Potato,24,Uttar Pradesh,9,Pratapgarh,173,1250,1450,1320
2022-06-25,Potato,24,Uttar Pradesh,9,Pratapgarh,173,1320,1385,1355
2022-06-24,Potato,24,Uttar Pradesh,9,Pratapgarh,173,1320,1370,1340
2022-06-23,Potato,24,Uttar Pradesh,9,Pratapgarh,173,1320,1400,1360
2022-06-22,Potato,24,Uttar Pradesh,9,Pratapgarh,173,1300,1450,1375
2022-06-21,Potato,24,Uttar Pradesh,9,Pratapgarh,173,1300,1450,1360
2022-06-20,Potato,24,Uttar Pradesh,9,Pratapgarh,173,1330,1380,1350
2022-06-19,Potato,24,Uttar Pradesh,9,Pratapgarh,173,1325,1380,1350
2022-06-18,Potato,24,Uttar Pradesh,9,Pratapgarh,173,1325,1370,1345
2022-06-17,Potato,24,Uttar Pradesh,9,Pratapgarh,173,1320,1365,1340
2022-06-16,Potato,24,Uttar Pradesh,9,Pratapgarh,173,1300,1450,1350
2022-06-15,Potato,24,Uttar Pradesh,9,Pratapgarh,173,1300,1400,1340
2022-06-14,Potato,24,Uttar Pradesh,9,Pratapgarh,173,1300,1450,1350
2022-06-13,Potato,24,Uttar Pradesh,9,Pratapgarh,173,1250,1450,1320
2022-06-12,Potato,24,Uttar Pradesh,9,Pratapgarh,173,1250,1450,1310
2022-06-11,Potato,24,Uttar Pradesh,9,Pratapgarh,173,1200,1450,1300
2022-06-10,Potato,24,Uttar Pradesh,9,Pratapgarh,173,1290,1330,1310
2022-06-09,Potato,24,Uttar Pradesh,9,Pratapgarh,173,1250,1450,1310
2022-06-08,Potato,24,Uttar Pradesh,9,Pratapgarh,173,1260,1320,1300
2022-06-07,Potato,24,Uttar Pradesh,9,Pratapgarh,173,1270,1325,1300
2022-06-06,Potato,24,Uttar Pradesh,9,Pratapgarh,173,1200,1400,1300
2022-06-05,Potato,24,Uttar Pradesh,9,Pratapgarh,173,1200,1350,1280
2022-06-04,Potato,24,Uttar Pradesh,9,Pratapgarh,173,1200,1350,1280
2022-06-03,Potato,24,Uttar Pradesh,9,Pratapgarh,173,1200,1350,1275
2022-06-02,Potato,24,Uttar Pradesh,9,Pratapgarh,173,1200,1400,1280
2022-06-01,Potato,24,Uttar Pradesh,9,Pratapgarh,173,1250,1300,1275
2022-05-31,Potato,24,Uttar Pradesh,9,Pratapgarh,173,1200,1350,1280
2022-05-30,Potato,24,Uttar Pradesh,9,Pratapgarh,173,1200,1350,1260
2022-05-29,Potato,24,Uttar Pradesh,9,Pratapgarh,173,1250,1290,1270
2022-05-28,Potato,24,Uttar Pradesh,9,Pratapgarh,173,1240,1280,1260
2022-05-27,Potato,24,Uttar Pradesh,9,Pratapgarh,173,1200,1350,1260
2022-05-26,Potato,24,Uttar Pradesh,9,Pratapgarh,173,1230,1270,1250
2022-05-25,Potato,24,Uttar Pradesh,9,Pratapgarh,173,1200,1350,1260
2022-05-24,Potato,24,Uttar Pradesh,9,Pratapgarh,173,1200,1350,1280
2022-05-23,Potato,24,Uttar Pradesh,9,Pratapgarh,173,1230,1275,1255
2022-05-22,Potato,24,Uttar Pradesh,9,Pratapgarh,173,1225,1270,1250
2022-05-21,Potato,24,Uttar Pradesh,9,Pratapgarh,173,1225,1265,1240
2022-05-20,Potato,24,Uttar Pradesh,9,Pratapgarh,173,1200,1250,1230
2022-05-19,Potato,24,Uttar Pradesh,9,Pratapgarh,173,1150,1350,1220
2022-05-18,Potato,24,Uttar Pradesh,9,Pratapgarh,173,1100,1350,1200
2022-05-17,Potato,24,Uttar Pradesh,9,Pratapgarh,173,1170,1215,1190
2022-05-16,Potato,24,Uttar Pradesh,9,Pratapgarh,173,1150,1200,1185
2022-05-15,Potato,24,Uttar Pradesh,9,Pratapgarh,173,1140,1180,1160
2022-05-14,Potato,24,Uttar Pradesh,9,Pratapgarh,173,1130,1170,1150
2022-05-13,Potato,24,Uttar Pradesh,9,Pratapgarh,173,900,1080,960
2022-05-12,Potato,24,Uttar Pradesh,9,Pratapgarh,173,920,975,950
2022-05-11,Potato,24,Uttar Pradesh,9,Pratapgarh,173,950,980,965
2022-05-10,Potato,24,Uttar Pradesh,9,Pratapgarh,173,950,990,970
2022-05-09,Potato,24,Uttar Pradesh,9,Pratapgarh,173,910,950,925
2022-05-08,Potato,24,Uttar Pradesh,9,Pratapgarh,173,940,975,960
2022-05-07,Potato,24,Uttar Pradesh,9,Pratapgarh,173,900,1100,950
2022-05-06,Potato,24,Uttar Pradesh,9,Pratapgarh,173,900,1050,940
2022-05-05,Potato,24,Uttar Pradesh,9,Pratapgarh,173,930,970,950
2022-05-04,Potato,24,Uttar Pradesh,9,Pratapgarh,173,900,925,915
2022-05-03,Potato,24,Uttar Pradesh,9,Pratapgarh,173,900,925,910
2022-05-02,Potato,24,Uttar Pradesh,9,Pratapgarh,173,850,1050,920
2022-05-01,Potato,24,Uttar Pradesh,9,Pratapgarh,173,900,935,915
2022-04-30,Potato,24,Uttar Pradesh,9,Pratapgarh,173,850,1050,920
2022-04-29,Potato,24,Uttar Pradesh,9,Pratapgarh,173,900,925,910
2022-04-28,Potato,24,Uttar Pradesh,9,Pratapgarh,173,900,925,910
2022-04-27,Potato,24,Uttar Pradesh,9,Pratapgarh,173,850,1050,920
2022-04-26,Potato,24,Uttar Pradesh,9,Pratapgarh,173,900,925,910
2022-04-25,Potato,24,Uttar Pradesh,9,Pratapgarh,173,850,1080,920
2022-04-24,Potato,24,Uttar Pradesh,9,Pratapgarh,173,880,1050,915
2022-04-23,Potato,24,Uttar Pradesh,9,Pratapgarh,173,900,950,930
2022-04-22,Potato,24,Uttar Pradesh,9,Pratapgarh,173,910,940,925
2022-04-21,Potato,24,Uttar Pradesh,9,Pratapgarh,173,875,920,900
2022-04-20,Potato,24,Uttar Pradesh,9,Pratapgarh,173,850,1050,920
2022-04-19,Potato,24,Uttar Pradesh,9,Pratapgarh,173,850,1080,910
2022-04-18,Potato,24,Uttar Pradesh,9,Pratapgarh,173,850,1050,900
2022-04-17,Potato,24,Uttar Pradesh,9,Pratapgarh,173,850,1050,890
2022-04-16,Potato,24,Uttar Pradesh,9,Pratapgarh,173,800,950,850
2022-04-15,Potato,24,Uttar Pradesh,9,Pratapgarh,173,800,950,860
2022-04-14,Potato,24,Uttar Pradesh,9,Pratapgarh,173,800,950,880
2022-04-13,Potato,24,Uttar Pradesh,9,Pratapgarh,173,800,950,870
2022-04-12,Potato,24,Uttar Pradesh,9,Pratapgarh,173,800,950,850
2022-04-11,Potato,24,Uttar Pradesh,9,Pratapgarh,173,800,850,825
2022-04-10,Potato,24,Uttar Pradesh,9,Pratapgarh,173,800,850,830
2022-04-09,Potato,24,Uttar Pradesh,9,Pratapgarh,173,820,860,840
2022-04-08,Potato,24,Uttar Pradesh,9,Pratapgarh,173,800,950,850
2022-04-07,Potato,24,Uttar Pradesh,9,Pratapgarh,173,800,850,825
2022-04-06,Potato,24,Uttar Pradesh,9,Pratapgarh,173,825,860,845
2022-04-05,Potato,24,Uttar Pradesh,9,Pratapgarh,173,800,950,850
2022-04-04,Potato,24,Uttar Pradesh,9,Pratapgarh,173,800,950,860
2022-04-03,Potato,24,Uttar Pradesh,9,Pratapgarh,173,800,950,870
2022-04-02,Potato,24,Uttar Pradesh,9,Pratapgarh,173,825,870,850
2022-04-01,Potato,24,Uttar Pradesh,9,Pratapgarh,173,800,950,880
2022-03-31,Potato,24,Uttar Pradesh,9,Pratapgarh,173,845,900,875
2022-03-30,Potato,24,Uttar Pradesh,9,Pratapgarh,173,850,890,870
2022-03-29,Potato,24,Uttar Pradesh,9,Pratapgarh,173,855,900,880
2022-03-28,Potato,24,Uttar Pradesh,9,Pratapgarh,173,800,1050,890
2022-03-27,Potato,24,Uttar Pradesh,9,Pratapgarh,173,850,1050,900
2022-03-26,Potato,24,Uttar Pradesh,9,Pratapgarh,173,800,1000,880
2022-03-25,Potato,24,Uttar Pradesh,9,Pratapgarh,173,850,910,875
2022-03-24,Potato,24,Uttar Pradesh,9,Pratapgarh,173,800,950,870
2022-03-23,Potato,24,Uttar Pradesh,9,Pratapgarh,173,800,950,880
2022-03-22,Potato,24,Uttar Pradesh,9,Pratapgarh,173,820,900,870
2022-03-21,Potato,24,Uttar Pradesh,9,Pratapgarh,173,875,925,900
2022-03-20,Potato,24,Uttar Pradesh,9,Pratapgarh,173,890,930,910
2022-03-19,Potato,24,Uttar Pradesh,9,Pratapgarh,173,925,960,940
2022-03-18,Potato,24,Uttar Pradesh,9,Pratapgarh,173,945,975,960
2022-03-17,Potato,24,Uttar Pradesh,9,Pratapgarh,173,925,975,950
2022-03-16,Potato,24,Uttar Pradesh,9,Pratapgarh,173,900,1100,960
2022-03-15,Potato,24,Uttar Pradesh,9,Pratapgarh,173,900,1100,950
2022-03-14,Potato,24,Uttar Pradesh,9,Pratapgarh,173,850,1050,910
2022-03-13,Potato,24,Uttar Pradesh,9,Pratapgarh,173,850,1100,900
2022-03-12,Potato,24,Uttar Pradesh,9,Pratapgarh,173,850,1100,890
2022-03-11,Potato,24,Uttar Pradesh,9,Pratapgarh,173,800,1000,880
2022-03-10,Potato,24,Uttar Pradesh,9,Pratapgarh,173,845,880,865
2022-03-09,Potato,24,Uttar Pradesh,9,Pratapgarh,173,850,890,870
2022-03-08,Potato,24,Uttar Pradesh,9,Pratapgarh,173,800,950,860
2022-03-07,Potato,24,Uttar Pradesh,9,Pratapgarh,173,825,860,845
2022-03-06,Potato,24,Uttar Pradesh,9,Pratapgarh,173,825,870,850
2022-03-05,Potato,24,Uttar Pradesh,9,Pratapgarh,173,830,870,850
2022-03-04,Potato,24,Uttar Pradesh,9,Pratapgarh,173,800,1000,860
2022-03-03,Potato,24,Uttar Pradesh,9,Pratapgarh,173,800,950,850
2022-03-02,Potato,24,Uttar Pradesh,9,Pratapgarh,173,750,950,800
2022-03-01,Potato,24,Uttar Pradesh,9,Pratapgarh,173,700,950,780
2022-02-28,Potato,24,Uttar Pradesh,9,Pratapgarh,173,755,800,785
2022-02-27,Potato,24,Uttar Pradesh,9,Pratapgarh,173,750,780,765
2022-02-26,Potato,24,Uttar Pradesh,9,Pratapgarh,173,750,810,780
2022-02-25,Potato,24,Uttar Pradesh,9,Pratapgarh,173,700,900,780
2022-02-24,Potato,24,Uttar Pradesh,9,Pratapgarh,173,700,850,760
2022-02-23,Potato,24,Uttar Pradesh,9,Pratapgarh,173,720,760,750
2022-02-22,Potato,24,Uttar Pradesh,9,Pratapgarh,173,735,765,750
2022-02-21,Potato,24,Uttar Pradesh,9,Pratapgarh,173,700,850,740
2022-02-20,Potato,24,Uttar Pradesh,9,Pratapgarh,173,725,770,750
2022-02-19,Potato,24,Uttar Pradesh,9,Pratapgarh,173,725,760,740
2022-02-18,Potato,24,Uttar Pradesh,9,Pratapgarh,173,725,770,750
2022-02-17,Potato,24,Uttar Pradesh,9,Pratapgarh,173,725,775,750
2022-02-16,Potato,24,Uttar Pradesh,9,Pratapgarh,173,700,850,765
2022-02-15,Potato,24,Uttar Pradesh,9,Pratapgarh,173,700,850,760
2022-02-14,Potato,24,Uttar Pradesh,9,Pratapgarh,173,700,900,750
2022-02-13,Potato,24,Uttar Pradesh,9,Pratapgarh,173,700,850,760
2022-02-12,Potato,24,Uttar Pradesh,9,Pratapgarh,173,700,850,740
2022-02-11,Potato,24,Uttar Pradesh,9,Pratapgarh,173,700,850,760
2022-02-10,Potato,24,Uttar Pradesh,9,Pratapgarh,173,700,850,750
2022-02-09,Potato,24,Uttar Pradesh,9,Pratapgarh,173,700,850,760
2022-02-08,Potato,24,Uttar Pradesh,9,Pratapgarh,173,710,780,750
2022-02-07,Potato,24,Uttar Pradesh,9,Pratapgarh,173,700,850,740
2022-02-06,Potato,24,Uttar Pradesh,9,Pratapgarh,173,730,760,745
2022-02-05,Potato,24,Uttar Pradesh,9,Pratapgarh,173,725,765,740
2022-02-04,Potato,24,Uttar Pradesh,9,Pratapgarh,173,700,850,750
2022-02-03,Potato,24,Uttar Pradesh,9,Pratapgarh,173,700,900,760
2022-02-02,Potato,24,Uttar Pradesh,9,Pratapgarh,173,700,850,750
2022-02-01,Potato,24,Uttar Pradesh,9,Pratapgarh,173,700,850,760
2022-01-31,Potato,24,Uttar Pradesh,9,Pratapgarh,173,750,800,780
2022-01-30,Potato,24,Uttar Pradesh,9,Pratapgarh,173,720,785,750
2022-01-29,Potato,24,Uttar Pradesh,9,Pratapgarh,173,750,800,785
2022-01-28,Potato,24,Uttar Pradesh,9,Pratapgarh,173,750,815,790
2022-01-27,Potato,24,Uttar Pradesh,9,Pratapgarh,173,700,900,780
2022-01-26,Potato,24,Uttar Pradesh,9,Pratapgarh,173,710,750,730
2022-01-25,Potato,24,Uttar Pradesh,9,Pratapgarh,173,700,850,740
2022-01-24,Potato,24,Uttar Pradesh,9,Pratapgarh,173,700,850,750
2022-01-23,Potato,24,Uttar Pradesh,9,Pratapgarh,173,700,750,720
2022-01-22,Potato,24,Uttar Pradesh,9,Pratapgarh,173,690,735,710
2022-01-21,Potato,24,Uttar Pradesh,9,Pratapgarh,173,650,725,700
2022-01-20,Potato,24,Uttar Pradesh,9,Pratapgarh,173,650,800,700
2022-01-19,Potato,24,Uttar Pradesh,9,Pratapgarh,173,680,730,700
2022-01-18,Potato,24,Uttar Pradesh,9,Pratapgarh,173,790,830,810
2022-01-17,Potato,24,Uttar Pradesh,9,Pratapgarh,173,775,950,810
2022-01-16,Potato,24,Uttar Pradesh,9,Pratapgarh,173,750,825,800
2022-01-15,Potato,24,Uttar Pradesh,9,Pratapgarh,173,800,850,820
2022-01-14,Potato,24,Uttar Pradesh,9,Pratapgarh,173,800,860,840
2022-01-13,Potato,24,Uttar Pradesh,9,Pratapgarh,173,850,900,875
2022-01-12,Potato,24,Uttar Pradesh,9,Pratapgarh,173,850,890,875
2022-01-11,Potato,24,Uttar Pradesh,9,Pratapgarh,173,800,950,850
2022-01-10,Potato,24,Uttar Pradesh,9,Pratapgarh,173,800,950,840
2022-01-09,Potato,24,Uttar Pradesh,9,Pratapgarh,173,800,950,850
2022-01-08,Potato,24,Uttar Pradesh,9,Pratapgarh,173,800,950,840
2022-01-07,Potato,24,Uttar Pradesh,9,Pratapgarh,173,775,950,850
2022-01-06,Potato,24,Uttar Pradesh,9,Pratapgarh,173,775,950,820
2022-01-05,Potato,24,Uttar Pradesh,9,Pratapgarh,173,775,950,825
2022-01-04,Potato,24,Uttar Pradesh,9,Pratapgarh,173,750,950,820
2022-01-03,Potato,24,Uttar Pradesh,9,Pratapgarh,173,780,950,825
2022-01-02,Potato,24,Uttar Pradesh,9,Pratapgarh,173,750,950,820
2022-01-01,Potato,24,Uttar Pradesh,9,Pratapgarh,173,750,950,820
2021-12-31,Potato,24,Uttar Pradesh,9,Pratapgarh,173,780,830,800
2021-12-30,Potato,24,Uttar Pradesh,9,Pratapgarh,173,750,950,800
2021-12-29,Potato,24,Uttar Pradesh,9,Pratapgarh,173,750,950,810
2021-12-28,Potato,24,Uttar Pradesh,9,Pratapgarh,173,770,900,820
2021-12-27,Potato,24,Uttar Pradesh,9,Pratapgarh,173,750,825,800
2021-12-26,Potato,24,Uttar Pradesh,9,Pratapgarh,173,775,825,800
2021-12-25,Potato,24,Uttar Pradesh,9,Pratapgarh,173,750,840,800
2021-12-24,Potato,24,Uttar Pradesh,9,Pratapgarh,173,750,850,800
2021-12-23,Potato,24,Uttar Pradesh,9,Pratapgarh,173,750,830,800
2021-12-22,Potato,24,Uttar Pradesh,9,Pratapgarh,173,760,840,800
2021-12-21,Potato,24,Uttar Pradesh,9,Pratapgarh,173,750,950,800
2021-12-20,Potato,24,Uttar Pradesh,9,Pratapgarh,173,850,1050,900
2021-12-19,Potato,24,Uttar Pradesh,9,Pratapgarh,173,1000,1050,1025
2021-12-18,Potato,24,Uttar Pradesh,9,Pratapgarh,173,1075,1125,1100
2021-12-17,Potato,24,Uttar Pradesh,9,Pratapgarh,173,1080,1120,1100
2021-12-16,Potato,24,Uttar Pradesh,9,Pratapgarh,173,1050,1120,1100
2021-12-15,Potato,24,Uttar Pradesh,9,Pratapgarh,173,1100,1165,1150
2021-12-14,Potato,24,Uttar Pradesh,9,Pratapgarh,173,1140,1180,1160
2021-12-13,Potato,24,Uttar Pradesh,9,Pratapgarh,173,1150,1200,1180
2021-12-12,Potato,24,Uttar Pradesh,9,Pratapgarh,173,1150,1200,1180
2021-12-11,Potato,24,Uttar Pradesh,9,Pratapgarh,173,1160,1210,1185
2021-12-10,Potato,24,Uttar Pradesh,9,Pratapgarh,173,1100,1350,1200
2021-12-09,Potato,24,Uttar Pradesh,9,Pratapgarh,173,1200,1350,1250
2021-12-08,Potato,24,Uttar Pradesh,9,Pratapgarh,173,1280,1320,1300
2021-12-07,Potato,24,Uttar Pradesh,9,Pratapgarh,173,1260,1325,1300
2021-12-06,Potato,24,Uttar Pradesh,9,Pratapgarh,173,1250,1400,1300
2021-12-05,Potato,24,Uttar Pradesh,9,Pratapgarh,173,1350,1400,1380
2021-12-04,Potato,24,Uttar Pradesh,9,Pratapgarh,173,1375,1415,1390
2021-12-03,Potato,24,Uttar Pradesh,9,Pratapgarh,173,1300,1500,1410
2021-12-02,Potato,24,Uttar Pradesh,9,Pratapgarh,173,1300,1450,1370
2021-12-01,Potato,24,Uttar Pradesh,9,Pratapgarh,173,1390,1415,1400
2021-11-30,Potato,24,Uttar Pradesh,9,Pratapgarh,173,1350,1600,1400
2021-11-29,Potato,24,Uttar Pradesh,9,Pratapgarh,173,1350,1500,1410
2021-11-28,Potato,24,Uttar Pradesh,9,Pratapgarh,173,1400,1430,1410
2021-11-27,Potato,24,Uttar Pradesh,9,Pratapgarh,173,1410,1440,1425
2021-11-26,Potato,24,Uttar Pradesh,9,Pratapgarh,173,1400,1550,1430
2021-11-25,Potato,24,Uttar Pradesh,9,Pratapgarh,173,1400,1550,1430
2021-11-24,Potato,24,Uttar Pradesh,9,Pratapgarh,173,1415,1450,1435
2021-11-23,Potato,24,Uttar Pradesh,9,Pratapgarh,173,1415,1450,1435
2021-11-22,Potato,24,Uttar Pradesh,9,Pratapgarh,173,1410,1445,1425
2021-11-21,Potato,24,Uttar Pradesh,9,Pratapgarh,173,1400,1450,1425
2021-11-20,Potato,24,Uttar Pradesh,9,Pratapgarh,173,1415,1460,1430
2021-11-19,Potato,24,Uttar Pradesh,9,Pratapgarh,173,1410,1450,1430
2021-11-18,Potato,24,Uttar Pradesh,9,Pratapgarh,173,1400,1550,1430
2021-11-17,Potato,24,Uttar Pradesh,9,Pratapgarh,173,1415,1445,1425
2021-11-16,Potato,24,Uttar Pradesh,9,Pratapgarh,173,1350,1600,1435
2021-11-15,Potato,24,Uttar Pradesh,9,Pratapgarh,173,1400,1600,1450
2021-11-14,Potato,24,Uttar Pradesh,9,Pratapgarh,173,1455,1485,1470
2021-11-13,Potato,24,Uttar Pradesh,9,Pratapgarh,173,1460,1520,1500
2021-11-12,Potato,24,Uttar Pradesh,9,Pratapgarh,173,1500,1525,1510
2021-11-11,Potato,24,Uttar Pradesh,9,Pratapgarh,173,1470,1525,1500
2021-11-10,Potato,24,Uttar Pradesh,9,Pratapgarh,173,1460,1490,1480
2021-11-09,Potato,24,Uttar Pradesh,9,Pratapgarh,173,1400,1600,1450
2021-11-08,Potato,24,Uttar Pradesh,9,Pratapgarh,173,1350,1550,1420
2021-11-07,Potato,24,Uttar Pradesh,9,Pratapgarh,173,1350,1550,1400
2021-11-06,Potato,24,Uttar Pradesh,9,Pratapgarh,173,1350,1500,1400
2021-11-05,Potato,24,Uttar Pradesh,9,Pratapgarh,173,1380,1500,1420
2021-11-04,Potato,24,Uttar Pradesh,9,Pratapgarh,173,1350,1500,1410
2021-11-03,Potato,24,Uttar Pradesh,9,Pratapgarh,173,1350,1500,1400
2021-11-02,Potato,24,Uttar Pradesh,9,Pratapgarh,173,1350,1600,1400
2021-10-31,Potato,24,Uttar Pradesh,9,Pratapgarh,173,1365,1415,1390
2021-10-30,Potato,24,Uttar Pradesh,9,Pratapgarh,173,1350,1385,1370
2021-10-29,Potato,24,Uttar Pradesh,9,Pratapgarh,173,1300,1500,1350
2021-10-28,Potato,24,Uttar Pradesh,9,Pratapgarh,173,1175,1215,1190
2021-10-27,Potato,24,Uttar Pradesh,9,Pratapgarh,173,1100,1300,1175
2021-10-26,Potato,24,Uttar Pradesh,9,Pratapgarh,173,1100,1300,1180
2021-10-25,Potato,24,Uttar Pradesh,9,Pratapgarh,173,1150,1185,1170
2021-10-24,Potato,24,Uttar Pradesh,9,Pratapgarh,173,1150,1190,1175
2021-10-23,Potato,24,Uttar Pradesh,9,Pratapgarh,173,1150,1190,1170
2021-10-22,Potato,24,Uttar Pradesh,9,Pratapgarh,173,1100,1250,1160
2021-10-21,Potato,24,Uttar Pradesh,9,Pratapgarh,173,1100,1250,1150
2021-10-20,Potato,24,Uttar Pradesh,9,Pratapgarh,173,1100,1250,1130
2021-10-19,Potato,24,Uttar Pradesh,9,Pratapgarh,173,1080,1250,1180
2021-10-18,Potato,24,Uttar Pradesh,9,Pratapgarh,173,1080,1250,1125
2021-10-17,Potato,24,Uttar Pradesh,9,Pratapgarh,173,1100,1250,1130
2021-10-16,Potato,24,Uttar Pradesh,9,Pratapgarh,173,1080,1200,1120
2021-10-15,Potato,24,Uttar Pradesh,9,Pratapgarh,173,1080,1250,1120
2021-10-14,Potato,24,Uttar Pradesh,9,Pratapgarh,173,1080,1115,1100
2021-10-13,Potato,24,Uttar Pradesh,9,Pratapgarh,173,1070,1110,1090
2021-10-12,Potato,24,Uttar Pradesh,9,Pratapgarh,173,1050,1250,1100
2021-10-11,Potato,24,Uttar Pradesh,9,Pratapgarh,173,1100,1125,1110
2021-10-10,Potato,24,Uttar Pradesh,9,Pratapgarh,173,1100,1135,1120
2021-10-09,Potato,24,Uttar Pradesh,9,Pratapgarh,173,1080,1125,1100
2021-10-08,Potato,24,Uttar Pradesh,9,Pratapgarh,173,1000,1250,1080
2021-10-07,Potato,24,Uttar Pradesh,9,Pratapgarh,173,900,1050,960
2021-10-06,Potato,24,Uttar Pradesh,9,Pratapgarh,173,900,1050,950
2021-10-05,Potato,24,Uttar Pradesh,9,Pratapgarh,173,915,960,940
2021-10-04,Potato,24,Uttar Pradesh,9,Pratapgarh,173,900,1050,960
2021-10-03,Potato,24,Uttar Pradesh,9,Pratapgarh,173,925,965,950
2021-10-02,Potato,24,Uttar Pradesh,9,Pratapgarh,173,925,960,950
2021-10-01,Potato,24,Uttar Pradesh,9,Pratapgarh,173,900,1100,970
2021-09-30,Potato,24,Uttar Pradesh,9,Pratapgarh,173,925,955,940
2021-09-29,Potato,24,Uttar Pradesh,9,Pratapgarh,173,900,1050,950
2021-09-28,Potato,24,Uttar Pradesh,9,Pratapgarh,173,910,940,920
2021-09-27,Potato,24,Uttar Pradesh,9,Pratapgarh,173,910,935,925
2021-09-26,Potato,24,Uttar Pradesh,9,Pratapgarh,173,900,925,910
2021-09-25,Potato,24,Uttar Pradesh,9,Pratapgarh,173,880,920,900
2021-09-24,Potato,24,Uttar Pradesh,9,Pratapgarh,173,900,1050,980
2021-09-23,Potato,24,Uttar Pradesh,9,Pratapgarh,173,900,1050,970
2021-09-22,Potato,24,Uttar Pradesh,9,Pratapgarh,173,900,1050,960
2021-09-21,Potato,24,Uttar Pradesh,9,Pratapgarh,173,900,1050,950
2021-09-20,Potato,24,Uttar Pradesh,9,Pratapgarh,173,880,1050,925
2021-09-19,Potato,24,Uttar Pradesh,9,Pratapgarh,173,880,1000,910
2021-09-18,Potato,24,Uttar Pradesh,9,Pratapgarh,173,890,915,905
2021-09-17,Potato,24,Uttar Pradesh,9,Pratapgarh,173,890,920,900
2021-09-16,Potato,24,Uttar Pradesh,9,Pratapgarh,173,875,1080,925
2021-09-15,Potato,24,Uttar Pradesh,9,Pratapgarh,173,910,950,935
2021-09-14,Potato,24,Uttar Pradesh,9,Pratapgarh,173,900,950,920
2021-09-13,Potato,24,Uttar Pradesh,9,Pratapgarh,173,900,1100,1000
2021-09-12,Potato,24,Uttar Pradesh,9,Pratapgarh,173,900,1100,980
2021-09-11,Potato,24,Uttar Pradesh,9,Pratapgarh,173,900,1100,1000
2021-09-10,Potato,24,Uttar Pradesh,9,Pratapgarh,173,900,1050,965
2021-09-09,Potato,24,Uttar Pradesh,9,Pratapgarh,173,900,1050,980
2021-09-08,Potato,24,Uttar Pradesh,9,Pratapgarh,173,900,1050,950
2021-09-07,Potato,24,Uttar Pradesh,9,Pratapgarh,173,850,980,900
2021-09-06,Potato,24,Uttar Pradesh,9,Pratapgarh,173,870,890,880
2021-09-05,Potato,24,Uttar Pradesh,9,Pratapgarh,173,875,910,890
2021-09-04,Potato,24,Uttar Pradesh,9,Pratapgarh,173,880,920,900
2021-09-03,Potato,24,Uttar Pradesh,9,Pratapgarh,173,900,925,910
2021-08-31,Potato,24,Uttar Pradesh,9,Pratapgarh,173,900,1080,980
2021-08-30,Potato,24,Uttar Pradesh,9,Pratapgarh,173,900,1080,970
2021-08-29,Potato,24,Uttar Pradesh,9,Pratapgarh,173,900,1050,975
2021-08-28,Potato,24,Uttar Pradesh,9,Pratapgarh,173,960,985,970
2021-08-27,Potato,24,Uttar Pradesh,9,Pratapgarh,173,960,990,975
2021-08-26,Potato,24,Uttar Pradesh,9,Pratapgarh,173,900,1100,1000
2021-08-25,Potato,24,Uttar Pradesh,9,Pratapgarh,173,970,990,980
2021-08-24,Potato,24,Uttar Pradesh,9,Pratapgarh,173,980,1100,1025
2021-08-23,Potato,24,Uttar Pradesh,9,Pratapgarh,173,975,1025,1000
2021-08-22,Potato,24,Uttar Pradesh,9,Pratapgarh,173,980,1010,990
2021-08-21,Potato,24,Uttar Pradesh,9,Pratapgarh,173,990,1040,1025
2021-08-20,Potato,24,Uttar Pradesh,9,Pratapgarh,173,1010,1030,1020
2021-08-19,Potato,24,Uttar Pradesh,9,Pratapgarh,173,950,1100,1030
2021-08-18,Potato,24,Uttar Pradesh,9,Pratapgarh,173,950,1100,1020
2021-08-17,Potato,24,Uttar Pradesh,9,Pratapgarh,173,950,1100,1000
2021-08-16,Potato,24,Uttar Pradesh,9,Pratapgarh,173,1000,1150,1050
2021-08-15,Potato,24,Uttar Pradesh,9,Pratapgarh,173,1000,1150,1040
2021-08-14,Potato,24,Uttar Pradesh,9,Pratapgarh,173,980,1125,1025
2021-08-13,Potato,24,Uttar Pradesh,9,Pratapgarh,173,950,1100,1000
2021-08-12,Potato,24,Uttar Pradesh,9,Pratapgarh,173,980,1010,990
2021-08-11,Potato,24,Uttar Pradesh,9,Pratapgarh,173,1000,1150,1025
2021-08-10,Potato,24,Uttar Pradesh,9,Pratapgarh,173,990,1025,1015
2021-08-09,Potato,24,Uttar Pradesh,9,Pratapgarh,173,990,1025,1010
2021-08-08,Potato,24,Uttar Pradesh,9,Pratapgarh,173,990,1025,1015
2021-08-07,Potato,24,Uttar Pradesh,9,Pratapgarh,173,1000,1025,1010
2021-08-06,Potato,24,Uttar Pradesh,9,Pratapgarh,173,950,1100,1020
2021-08-05,Potato,24,Uttar Pradesh,9,Pratapgarh,173,1000,1025,1015
2021-08-04,Potato,24,Uttar Pradesh,9,Pratapgarh,173,1000,1150,1040
2021-08-03,Potato,24,Uttar Pradesh,9,Pratapgarh,173,950,1100,1020
2021-07-31,Potato,24,Uttar Pradesh,9,Pratapgarh,173,1000,1020,1010
2021-07-30,Potato,24,Uttar Pradesh,9,Pratapgarh,173,1010,1030,1020
2021-07-29,Potato,24,Uttar Pradesh,9,Pratapgarh,173,1000,1100,1030
2021-07-28,Potato,24,Uttar Pradesh,9,Pratapgarh,173,1010,1040,1025
2021-07-27,Potato,24,Uttar Pradesh,9,Pratapgarh,173,1000,1150,1025
2021-07-26,Potato,24,Uttar Pradesh,9,Pratapgarh,173,1020,1040,1030
2021-07-25,Potato,24,Uttar Pradesh,9,Pratapgarh,173,1010,1030,1020
2021-07-24,Potato,24,Uttar Pradesh,9,Pratapgarh,173,1015,1035,1025
2021-07-23,Potato,24,Uttar Pradesh,9,Pratapgarh,173,1010,1035,1025
2021-07-22,Potato,24,Uttar Pradesh,9,Pratapgarh,173,1010,1030,1020
2021-07-21,Potato,24,Uttar Pradesh,9,Pratapgarh,173,1010,1040,1025
2021-07-20,Potato,24,Uttar Pradesh,9,Pratapgarh,173,1020,1040,1030
2021-07-19,Potato,24,Uttar Pradesh,9,Pratapgarh,173,1020,1040,1030
2021-07-18,Potato,24,Uttar Pradesh,9,Pratapgarh,173,995,1025,1015
2021-07-17,Potato,24,Uttar Pradesh,9,Pratapgarh,173,1030,1060,1050
2021-07-16,Potato,24,Uttar Pradesh,9,Pratapgarh,173,1035,1060,1050
2021-07-15,Potato,24,Uttar Pradesh,9,Pratapgarh,173,1040,1060,1050
2021-07-14,Potato,24,Uttar Pradesh,9,Pratapgarh,173,1000,1025,1015
2021-07-13,Potato,24,Uttar Pradesh,9,Pratapgarh,173,1000,1020,1010
2021-07-12,Potato,24,Uttar Pradesh,9,Pratapgarh,173,1010,1035,1025
2021-07-11,Potato,24,Uttar Pradesh,9,Pratapgarh,173,1010,1035,1025
2021-07-10,Potato,24,Uttar Pradesh,9,Pratapgarh,173,1000,1025,1015
2021-07-09,Potato,24,Uttar Pradesh,9,Pratapgarh,173,975,1020,1010
2021-07-08,Potato,24,Uttar Pradesh,9,Pratapgarh,173,980,1020,990
2021-07-07,Potato,24,Uttar Pradesh,9,Pratapgarh,173,1000,1020,1010
2021-07-06,Potato,24,Uttar Pradesh,9,Pratapgarh,173,1030,1055,1045
2021-07-05,Potato,24,Uttar Pradesh,9,Pratapgarh,173,1050,1070,1060
2021-07-04,Potato,24,Uttar Pradesh,9,Pratapgarh,173,1040,1060,1050
2021-07-03,Potato,24,Uttar Pradesh,9,Pratapgarh,173,1010,1035,1025
2021-07-02,Potato,24,Uttar Pradesh,9,Pratapgarh,173,1000,1030,1020
2021-06-30,Potato,24,Uttar Pradesh,9,Pratapgarh,173,1010,1030,1020
2021-06-29,Potato,24,Uttar Pradesh,9,Pratapgarh,173,1025,1050,1035
2021-06-28,Potato,24,Uttar Pradesh,9,Pratapgarh,173,1010,1030,1020
2021-06-27,Potato,24,Uttar Pradesh,9,Pratapgarh,173,1010,1040,1025
2021-06-26,Potato,24,Uttar Pradesh,9,Pratapgarh,173,1015,1035,1025
2021-06-25,Potato,24,Uttar Pradesh,9,Pratapgarh,173,1010,1030,1020
2021-06-24,Potato,24,Uttar Pradesh,9,Pratapgarh,173,1010,1040,1025
2021-06-23,Potato,24,Uttar Pradesh,9,Pratapgarh,173,1025,1050,1040
2021-06-22,Potato,24,Uttar Pradesh,9,Pratapgarh,173,1000,1025,1015
2021-06-21,Potato,24,Uttar Pradesh,9,Pratapgarh,173,1000,1020,1010
2021-06-20,Potato,24,Uttar Pradesh,9,Pratapgarh,173,990,1020,1000
2021-06-19,Potato,24,Uttar Pradesh,9,Pratapgarh,173,1010,1040,1025
2021-06-18,Potato,24,Uttar Pradesh,9,Pratapgarh,173,1010,1030,1020
2021-06-17,Potato,24,Uttar Pradesh,9,Pratapgarh,173,1000,1025,1015
2021-06-16,Potato,24,Uttar Pradesh,9,Pratapgarh,173,1010,1030,1020
2021-06-15,Potato,24,Uttar Pradesh,9,Pratapgarh,173,1020,1040,1030
2021-06-14,Potato,24,Uttar Pradesh,9,Pratapgarh,173,1025,1045,1035
2021-06-13,Potato,24,Uttar Pradesh,9,Pratapgarh,173,1030,1050,1040
2021-06-12,Potato,24,Uttar Pradesh,9,Pratapgarh,173,1025,1050,1040
2021-06-11,Potato,24,Uttar Pradesh,9,Pratapgarh,173,1050,1070,1060
2021-06-10,Potato,24,Uttar Pradesh,9,Pratapgarh,173,1030,1060,1045
2021-06-09,Potato,24,Uttar Pradesh,9,Pratapgarh,173,1040,1060,1050
2021-06-08,Potato,24,Uttar Pradesh,9,Pratapgarh,173,1025,1040,1030
2021-06-07,Potato,24,Uttar Pradesh,9,Pratapgarh,173,1000,1030,1020
2021-06-06,Potato,24,Uttar Pradesh,9,Pratapgarh,173,1010,1035,1025
2021-06-05,Potato,24,Uttar Pradesh,9,Pratapgarh,173,1010,1040,1025
2021-06-03,Potato,24,Uttar Pradesh,9,Pratapgarh,173,1000,1020,1010
2021-06-02,Potato,24,Uttar Pradesh,9,Pratapgarh,173,1010,1030,1020
2021-05-31,Potato,24,Uttar Pradesh,9,Pratapgarh,173,995,1025,1015
2021-05-30,Potato,24,Uttar Pradesh,9,Pratapgarh,173,1010,1030,1020
2021-05-29,Potato,24,Uttar Pradesh,9,Pratapgarh,173,1010,1040,1025
2021-05-28,Potato,24,Uttar Pradesh,9,Pratapgarh,173,1000,1025,1010
2021-05-27,Potato,24,Uttar Pradesh,9,Pratapgarh,173,995,1020,1010
2021-05-26,Potato,24,Uttar Pradesh,9,Pratapgarh,173,980,1020,990
2021-05-25,Potato,24,Uttar Pradesh,9,Pratapgarh,173,970,990,980
2021-05-24,Potato,24,Uttar Pradesh,9,Pratapgarh,173,980,1010,990
2021-05-23,Potato,24,Uttar Pradesh,9,Pratapgarh,173,970,1000,985
2021-05-22,Potato,24,Uttar Pradesh,9,Pratapgarh,173,970,990,980
2021-05-21,Potato,24,Uttar Pradesh,9,Pratapgarh,173,960,985,975
2021-05-20,Potato,24,Uttar Pradesh,9,Pratapgarh,173,970,990,980
2021-05-19,Potato,24,Uttar Pradesh,9,Pratapgarh,173,970,1000,985
2021-05-18,Potato,24,Uttar Pradesh,9,Pratapgarh,173,960,985,975
2021-05-17,Potato,24,Uttar Pradesh,9,Pratapgarh,173,960,980,970
2021-05-16,Potato,24,Uttar Pradesh,9,Pratapgarh,173,960,980,970
2021-05-15,Potato,24,Uttar Pradesh,9,Pratapgarh,173,970,980,975
2021-05-14,Potato,24,Uttar Pradesh,9,Pratapgarh,173,950,980,970
2021-05-13,Potato,24,Uttar Pradesh,9,Pratapgarh,173,930,970,960
2021-05-12,Potato,24,Uttar Pradesh,9,Pratapgarh,173,940,960,950
2021-05-11,Potato,24,Uttar Pradesh,9,Pratapgarh,173,920,940,930
2021-05-10,Potato,24,Uttar Pradesh,9,Pratapgarh,173,915,935,925
2021-05-09,Potato,24,Uttar Pradesh,9,Pratapgarh,173,920,940,930
2021-05-08,Potato,24,Uttar Pradesh,9,Pratapgarh,173,900,935,925
2021-05-07,Potato,24,Uttar Pradesh,9,Pratapgarh,173,910,935,925
2021-05-06,Potato,24,Uttar Pradesh,9,Pratapgarh,173,930,940,935
2021-05-05,Potato,24,Uttar Pradesh,9,Pratapgarh,173,920,940,930
2021-05-04,Potato,24,Uttar Pradesh,9,Pratapgarh,173,920,940,930
2021-05-03,Potato,24,Uttar Pradesh,9,Pratapgarh,173,920,940,930
2021-05-02,Potato,24,Uttar Pradesh,9,Pratapgarh,173,915,940,925
2021-04-30,Potato,24,Uttar Pradesh,9,Pratapgarh,173,935,960,950
2021-04-29,Potato,24,Uttar Pradesh,9,Pratapgarh,173,910,930,920
2021-04-28,Potato,24,Uttar Pradesh,9,Pratapgarh,173,915,935,925
2021-04-27,Potato,24,Uttar Pradesh,9,Pratapgarh,173,920,940,930
2021-04-26,Potato,24,Uttar Pradesh,9,Pratapgarh,173,910,925,915
2021-04-25,Potato,24,Uttar Pradesh,9,Pratapgarh,173,910,930,920
2021-04-24,Potato,24,Uttar Pradesh,9,Pratapgarh,173,910,940,925
2021-04-23,Potato,24,Uttar Pradesh,9,Pratapgarh,173,910,930,920
2021-04-22,Potato,24,Uttar Pradesh,9,Pratapgarh,173,910,930,920
2021-04-21,Potato,24,Uttar Pradesh,9,Pratapgarh,173,910,940,925
2021-04-20,Potato,24,Uttar Pradesh,9,Pratapgarh,173,910,935,925
2021-04-19,Potato,24,Uttar Pradesh,9,Pratapgarh,173,910,930,920
2021-04-18,Potato,24,Uttar Pradesh,9,Pratapgarh,173,920,940,930
2021-04-17,Potato,24,Uttar Pradesh,9,Pratapgarh,173,910,930,920
2021-04-16,Potato,24,Uttar Pradesh,9,Pratapgarh,173,915,935,925
2021-04-15,Potato,24,Uttar Pradesh,9,Pratapgarh,173,900,925,915
2021-04-14,Potato,24,Uttar Pradesh,9,Pratapgarh,173,915,935,925
2021-04-13,Potato,24,Uttar Pradesh,9,Pratapgarh,173,915,925,920
2021-04-12,Potato,24,Uttar Pradesh,9,Pratapgarh,173,900,925,915
2021-04-11,Potato,24,Uttar Pradesh,9,Pratapgarh,173,910,940,925
2021-04-10,Potato,24,Uttar Pradesh,9,Pratapgarh,173,910,930,920
2021-04-09,Potato,24,Uttar Pradesh,9,Pratapgarh,173,915,935,925
2021-04-08,Potato,24,Uttar Pradesh,9,Pratapgarh,173,885,915,900
2021-04-07,Potato,24,Uttar Pradesh,9,Pratapgarh,173,900,920,910
2021-04-06,Potato,24,Uttar Pradesh,9,Pratapgarh,173,885,925,900
2021-04-05,Potato,24,Uttar Pradesh,9,Pratapgarh,173,880,920,900
2021-04-04,Potato,24,Uttar Pradesh,9,Pratapgarh,173,885,915,900
2021-04-03,Potato,24,Uttar Pradesh,9,Pratapgarh,173,855,900,880
2021-04-02,Potato,24,Uttar Pradesh,9,Pratapgarh,173,840,875,850
2021-04-01,Potato,24,Uttar Pradesh,9,Pratapgarh,173,710,730,720
2021-03-31,Potato,24,Uttar Pradesh,9,Pratapgarh,173,690,720,700
2021-03-30,Potato,24,Uttar Pradesh,9,Pratapgarh,173,715,725,720
2021-03-29,Potato,24,Uttar Pradesh,9,Pratapgarh,173,700,725,715
2021-03-28,Potato,24,Uttar Pradesh,9,Pratapgarh,173,710,720,715
2021-03-27,Potato,24,Uttar Pradesh,9,Pratapgarh,173,700,725,715
2021-03-26,Potato,24,Uttar Pradesh,9,Pratapgarh,173,700,720,710
2021-03-25,Potato,24,Uttar Pradesh,9,Pratapgarh,173,700,720,710
2021-03-24,Potato,24,Uttar Pradesh,9,Pratapgarh,173,680,710,700
2021-03-23,Potato,24,Uttar Pradesh,9,Pratapgarh,173,700,725,715
2021-03-22,Potato,24,Uttar Pradesh,9,Pratapgarh,173,690,715,700
2021-03-21,Potato,24,Uttar Pradesh,9,Pratapgarh,173,700,720,710
2021-03-20,Potato,24,Uttar Pradesh,9,Pratapgarh,173,690,725,700
2021-03-19,Potato,24,Uttar Pradesh,9,Pratapgarh,173,690,720,700
2021-03-18,Potato,24,Uttar Pradesh,9,Pratapgarh,173,700,720,710
2021-03-17,Potato,24,Uttar Pradesh,9,Pratapgarh,173,700,720,710
2021-03-16,Potato,24,Uttar Pradesh,9,Pratapgarh,173,700,725,715
2021-03-15,Potato,24,Uttar Pradesh,9,Pratapgarh,173,700,720,710
2021-03-14,Potato,24,Uttar Pradesh,9,Pratapgarh,173,700,720,710
2021-03-13,Potato,24,Uttar Pradesh,9,Pratapgarh,173,690,720,700
2021-03-12,Potato,24,Uttar Pradesh,9,Pratapgarh,173,680,720,700
2021-03-11,Potato,24,Uttar Pradesh,9,Pratapgarh,173,680,715,690
2021-03-10,Potato,24,Uttar Pradesh,9,Pratapgarh,173,650,670,660
2021-03-09,Potato,24,Uttar Pradesh,9,Pratapgarh,173,650,670,660
2021-03-08,Potato,24,Uttar Pradesh,9,Pratapgarh,173,640,660,650
2021-03-07,Potato,24,Uttar Pradesh,9,Pratapgarh,173,640,660,650
2021-03-06,Potato,24,Uttar Pradesh,9,Pratapgarh,173,650,670,660
2021-03-05,Potato,24,Uttar Pradesh,9,Pratapgarh,173,680,725,700
2021-03-04,Potato,24,Uttar Pradesh,9,Pratapgarh,173,675,720,700
2021-03-03,Potato,24,Uttar Pradesh,9,Pratapgarh,173,540,560,550
2021-03-02,Potato,24,Uttar Pradesh,9,Pratapgarh,173,550,570,560
2021-02-28,Potato,24,Uttar Pradesh,9,Pratapgarh,173,600,620,610
2021-02-27,Potato,24,Uttar Pradesh,9,Pratapgarh,173,590,620,600
2021-02-26,Potato,24,Uttar Pradesh,9,Pratapgarh,173,590,610,600
2021-02-25,Potato,24,Uttar Pradesh,9,Pratapgarh,173,590,620,600
2021-02-24,Potato,24,Uttar Pradesh,9,Pratapgarh,173,600,620,610
2021-02-23,Potato,24,Uttar Pradesh,9,Pratapgarh,173,610,640,625
2021-02-22,Potato,24,Uttar Pradesh,9,Pratapgarh,173,600,620,610
2021-02-21,Potato,24,Uttar Pradesh,9,Pratapgarh,173,600,620,610
2021-02-20,Potato,24,Uttar Pradesh,9,Pratapgarh,173,600,625,610
2021-02-19,Potato,24,Uttar Pradesh,9,Pratapgarh,173,610,630,620
2021-02-18,Potato,24,Uttar Pradesh,9,Pratapgarh,173,620,640,630
2021-02-17,Potato,24,Uttar Pradesh,9,Pratapgarh,173,610,640,630
2021-02-16,Potato,24,Uttar Pradesh,9,Pratapgarh,173,630,650,640
2021-02-15,Potato,24,Uttar Pradesh,9,Pratapgarh,173,625,650,640
2021-02-14,Potato,24,Uttar Pradesh,9,Pratapgarh,173,630,650,640
2021-02-13,Potato,24,Uttar Pradesh,9,Pratapgarh,173,640,660,650
2021-02-12,Potato,24,Uttar Pradesh,9,Pratapgarh,173,650,670,660
2021-02-11,Potato,24,Uttar Pradesh,9,Pratapgarh,173,660,700,690
2021-02-10,Potato,24,Uttar Pradesh,9,Pratapgarh,173,660,690,675
2021-02-09,Potato,24,Uttar Pradesh,9,Pratapgarh,173,670,690,680
2021-02-08,Potato,24,Uttar Pradesh,9,Pratapgarh,173,680,720,700
2021-02-07,Potato,24,Uttar Pradesh,9,Pratapgarh,173,690,715,700
2021-02-06,Potato,24,Uttar Pradesh,9,Pratapgarh,173,700,725,710
2021-02-05,Potato,24,Uttar Pradesh,9,Pratapgarh,173,640,660,650
2021-02-04,Potato,24,Uttar Pradesh,9,Pratapgarh,173,640,665,650
2021-02-03,Potato,24,Uttar Pradesh,9,Pratapgarh,173,625,665,650
2021-01-31,Potato,24,Uttar Pradesh,9,Pratapgarh,173,670,690,680
2021-01-30,Potato,24,Uttar Pradesh,9,Pratapgarh,173,700,720,710
2021-01-29,Potato,24,Uttar Pradesh,9,Pratapgarh,173,680,750,710
2021-01-28,Potato,24,Uttar Pradesh,9,Pratapgarh,173,700,730,715
2021-01-27,Potato,24,Uttar Pradesh,9,Pratapgarh,173,700,725,710
2021-01-26,Potato,24,Uttar Pradesh,9,Pratapgarh,173,680,715,690
2021-01-25,Potato,24,Uttar Pradesh,9,Pratapgarh,173,680,710,690
2021-01-24,Potato,24,Uttar Pradesh,9,Pratapgarh,173,670,700,685
2021-01-23,Potato,24,Uttar Pradesh,9,Pratapgarh,173,680,700,690
2021-01-22,Potato,24,Uttar Pradesh,9,Pratapgarh,173,700,720,710
2021-01-21,Potato,24,Uttar Pradesh,9,Pratapgarh,173,680,710,700
2021-01-20,Potato,24,Uttar Pradesh,9,Pratapgarh,173,700,720,710
2021-01-19,Potato,24,Uttar Pradesh,9,Pratapgarh,173,700,725,710
2021-01-18,Potato,24,Uttar Pradesh,9,Pratapgarh,173,665,695,685
2021-01-17,Potato,24,Uttar Pradesh,9,Pratapgarh,173,680,700,690
2021-01-16,Potato,24,Uttar Pradesh,9,Pratapgarh,173,680,700,690
2021-01-15,Potato,24,Uttar Pradesh,9,Pratapgarh,173,680,715,700
2021-01-13,Potato,24,Uttar Pradesh,9,Pratapgarh,173,680,710,700
2021-01-12,Potato,24,Uttar Pradesh,9,Pratapgarh,173,680,725,700
2021-01-11,Potato,24,Uttar Pradesh,9,Pratapgarh,173,780,815,800
2021-01-10,Potato,24,Uttar Pradesh,9,Pratapgarh,173,815,835,825
2021-01-09,Potato,24,Uttar Pradesh,9,Pratapgarh,173,820,845,830
2021-01-08,Potato,24,Uttar Pradesh,9,Pratapgarh,173,840,860,850
2021-01-07,Potato,24,Uttar Pradesh,9,Pratapgarh,173,860,885,875
2021-01-06,Potato,24,Uttar Pradesh,9,Pratapgarh,173,840,870,850
2021-01-05,Potato,24,Uttar Pradesh,9,Pratapgarh,173,750,790,780
2021-01-04,Potato,24,Uttar Pradesh,9,Pratapgarh,173,760,785,770
2021-01-03,Potato,24,Uttar Pradesh,9,Pratapgarh,173,715,740,725
2021-01-02,Potato,24,Uttar Pradesh,9,Pratapgarh,173,690,720,700
2021-01-01,Potato,24,Uttar Pradesh,9,Pratapgarh,173,780,810,800
2020-12-31,Potato,24,Uttar Pradesh,9,Pratapgarh,173,780,810,800
2020-12-30,Potato,24,Uttar Pradesh,9,Pratapgarh,173,830,855,840
2020-12-29,Potato,24,Uttar Pradesh,9,Pratapgarh,173,840,860,850
2020-12-28,Potato,24,Uttar Pradesh,9,Pratapgarh,173,830,850,840
2020-12-27,Potato,24,Uttar Pradesh,9,Pratapgarh,173,840,860,850
2020-12-26,Potato,24,Uttar Pradesh,9,Pratapgarh,173,840,860,850
2020-12-25,Potato,24,Uttar Pradesh,9,Pratapgarh,173,840,860,850
2020-12-24,Potato,24,Uttar Pradesh,9,Pratapgarh,173,840,860,850
2020-12-23,Potato,24,Uttar Pradesh,9,Pratapgarh,173,850,870,860
2020-12-22,Potato,24,Uttar Pradesh,9,Pratapgarh,173,825,860,850
2020-12-21,Potato,24,Uttar Pradesh,9,Pratapgarh,173,880,915,900
2020-12-20,Potato,24,Uttar Pradesh,9,Pratapgarh,173,1210,1260,1250
2020-12-19,Potato,24,Uttar Pradesh,9,Pratapgarh,173,1270,1320,1300
2020-12-18,Potato,24,Uttar Pradesh,9,Pratapgarh,173,1325,1360,1350
2020-12-17,Potato,24,Uttar Pradesh,9,Pratapgarh,173,1450,1525,1500
2020-12-16,Potato,24,Uttar Pradesh,9,Pratapgarh,173,1790,1825,1800
2020-12-15,Potato,24,Uttar Pradesh,9,Pratapgarh,173,1825,1875,1850
2020-12-14,Potato,24,Uttar Pradesh,9,Pratapgarh,173,1950,2015,2000
2020-12-13,Potato,24,Uttar Pradesh,9,Pratapgarh,173,2075,2120,2100
2020-12-12,Potato,24,Uttar Pradesh,9,Pratapgarh,173,2065,2115,2100
2020-12-11,Potato,24,Uttar Pradesh,9,Pratapgarh,173,2190,2230,2200
2020-12-10,Potato,24,Uttar Pradesh,9,Pratapgarh,173,2190,2225,2200
2020-12-09,Potato,24,Uttar Pradesh,9,Pratapgarh,173,2300,2325,2310
2020-12-08,Potato,24,Uttar Pradesh,9,Pratapgarh,173,2280,2315,2300
2020-12-07,Potato,24,Uttar Pradesh,9,Pratapgarh,173,2130,2165,2150
2020-12-06,Potato,24,Uttar Pradesh,9,Pratapgarh,173,2180,2225,2200
2020-12-05,Potato,24,Uttar Pradesh,9,Pratapgarh,173,2490,2530,2500
2020-12-04,Potato,24,Uttar Pradesh,9,Pratapgarh,173,3175,3220,3200
2020-12-03,Potato,24,Uttar Pradesh,9,Pratapgarh,173,3190,3225,3200
2020-12-02,Potato,24,Uttar Pradesh,9,Pratapgarh,173,3185,3215,3200
2020-12-01,Potato,24,Uttar Pradesh,9,Pratapgarh,173,3185,3225,3200
2020-11-30,Potato,24,Uttar Pradesh,9,Pratapgarh,173,3200,3225,3210
2020-11-29,Potato,24,Uttar Pradesh,9,Pratapgarh,173,3270,3290,3280
2020-11-28,Potato,24,Uttar Pradesh,9,Pratapgarh,173,3250,3320,3300
2020-11-27,Potato,24,Uttar Pradesh,9,Pratapgarh,173,3260,3285,3275
2020-11-26,Potato,24,Uttar Pradesh,9,Pratapgarh,173,3240,3265,3250
2020-11-25,Potato,24,Uttar Pradesh,9,Pratapgarh,173,3250,3270,3260
2020-11-24,Potato,24,Uttar Pradesh,9,Pratapgarh,173,3235,3260,3250
2020-11-23,Potato,24,Uttar Pradesh,9,Pratapgarh,173,3225,3260,3250
2020-11-22,Potato,24,Uttar Pradesh,9,Pratapgarh,173,3200,3230,3220
2020-11-21,Potato,24,Uttar Pradesh,9,Pratapgarh,173,3125,3150,3140
2020-11-20,Potato,24,Uttar Pradesh,9,Pratapgarh,173,3100,3140,3120
2020-11-19,Potato,24,Uttar Pradesh,9,Pratapgarh,173,3090,3115,3100
2020-11-18,Potato,24,Uttar Pradesh,9,Pratapgarh,173,3080,3120,3100
2020-11-17,Potato,24,Uttar Pradesh,9,Pratapgarh,173,3085,3120,3100
2020-11-16,Potato,24,Uttar Pradesh,9,Pratapgarh,173,3080,3100,3090
2020-11-15,Potato,24,Uttar Pradesh,9,Pratapgarh,173,3080,3110,3090
2020-11-14,Potato,24,Uttar Pradesh,9,Pratapgarh,173,3075,3120,3100
2020-11-13,Potato,24,Uttar Pradesh,9,Pratapgarh,173,3070,3090,3080
2020-11-12,Potato,24,Uttar Pradesh,9,Pratapgarh,173,3040,3065,3050
2020-11-11,Potato,24,Uttar Pradesh,9,Pratapgarh,173,3060,3085,3075
2020-11-10,Potato,24,Uttar Pradesh,9,Pratapgarh,173,3050,3070,3060
2020-11-09,Potato,24,Uttar Pradesh,9,Pratapgarh,173,3050,3075,3060
2020-11-08,Potato,24,Uttar Pradesh,9,Pratapgarh,173,3040,3060,3050
2020-11-07,Potato,24,Uttar Pradesh,9,Pratapgarh,173,3060,3080,3070
2020-11-06,Potato,24,Uttar Pradesh,9,Pratapgarh,173,3050,3070,3060
2020-11-05,Potato,24,Uttar Pradesh,9,Pratapgarh,173,3030,3050,3040
2020-11-04,Potato,24,Uttar Pradesh,9,Pratapgarh,173,3055,3080,3070
2020-11-03,Potato,24,Uttar Pradesh,9,Pratapgarh,173,3030,3060,3050
2020-11-02,Potato,24,Uttar Pradesh,9,Pratapgarh,173,3050,3070,3060
2020-10-31,Potato,24,Uttar Pradesh,9,Pratapgarh,173,3050,3070,3060
2020-10-30,Potato,24,Uttar Pradesh,9,Pratapgarh,173,3030,3060,3050
2020-10-29,Potato,24,Uttar Pradesh,9,Pratapgarh,173,3030,3060,3050
2020-10-28,Potato,24,Uttar Pradesh,9,Pratapgarh,173,3010,3050,3025
2020-10-27,Potato,24,Uttar Pradesh,9,Pratapgarh,173,2980,3025,3000
2020-10-26,Potato,24,Uttar Pradesh,9,Pratapgarh,173,2980,3025,3000
2020-10-25,Potato,24,Uttar Pradesh,9,Pratapgarh,173,2930,2965,2950
2020-10-24,Potato,24,Uttar Pradesh,9,Pratapgarh,173,2750,2800,2765
2020-10-23,Potato,24,Uttar Pradesh,9,Pratapgarh,173,2730,2750,2740
2020-10-22,Potato,24,Uttar Pradesh,9,Pratapgarh,173,2740,2760,2750
2020-10-21,Potato,24,Uttar Pradesh,9,Pratapgarh,173,2710,2730,2720
2020-10-20,Potato,24,Uttar Pradesh,9,Pratapgarh,173,2700,2725,2710
2020-10-19,Potato,24,Uttar Pradesh,9,Pratapgarh,173,2695,2725,2700
2020-10-18,Potato,24,Uttar Pradesh,9,Pratapgarh,173,2690,2715,2700
2020-10-17,Potato,24,Uttar Pradesh,9,Pratapgarh,173,2685,2715,2700
2020-10-16,Potato,24,Uttar Pradesh,9,Pratapgarh,173,2610,2640,2625
2020-10-15,Potato,24,Uttar Pradesh,9,Pratapgarh,173,2600,2630,2615
2020-10-14,Potato,24,Uttar Pradesh,9,Pratapgarh,173,2600,2620,2610
2020-10-13,Potato,24,Uttar Pradesh,9,Pratapgarh,173,2580,2625,2600
2020-10-12,Potato,24,Uttar Pradesh,9,Pratapgarh,173,2590,2615,2600
2020-10-11,Potato,24,Uttar Pradesh,9,Pratapgarh,173,2590,2625,2600
2020-10-10,Potato,24,Uttar Pradesh,9,Pratapgarh,173,2580,2600,2590
2020-10-09,Potato,24,Uttar Pradesh,9,Pratapgarh,173,2600,2625,2610
2020-10-08,Potato,24,Uttar Pradesh,9,Pratapgarh,173,2590,2625,2600
2020-10-07,Potato,24,Uttar Pradesh,9,Pratapgarh,173,2580,2610,2600
2020-10-06,Potato,24,Uttar Pradesh,9,Pratapgarh,173,2580,2620,2600
2020-10-05,Potato,24,Uttar Pradesh,9,Pratapgarh,173,2590,2620,2600
2020-10-04,Potato,24,Uttar Pradesh,9,Pratapgarh,173,2575,2600,2580
2020-10-03,Potato,24,Uttar Pradesh,9,Pratapgarh,173,2580,2600,2590
2020-10-02,Potato,24,Uttar Pradesh,9,Pratapgarh,173,2580,2620,2600
2020-09-30,Potato,24,Uttar Pradesh,9,Pratapgarh,173,2580,2615,2600
2020-09-29,Potato,24,Uttar Pradesh,9,Pratapgarh,173,2585,2625,2600
2020-09-28,Potato,24,Uttar Pradesh,9,Pratapgarh,173,2580,2615,2600
2020-09-27,Potato,24,Uttar Pradesh,9,Pratapgarh,173,2580,2620,2600
2020-09-26,Potato,24,Uttar Pradesh,9,Pratapgarh,173,2580,2615,2600
2020-09-25,Potato,24,Uttar Pradesh,9,Pratapgarh,173,2570,2600,2590
2020-09-24,Potato,24,Uttar Pradesh,9,Pratapgarh,173,2570,2590,2580
2020-09-23,Potato,24,Uttar Pradesh,9,Pratapgarh,173,2560,2585,2575
2020-09-22,Potato,24,Uttar Pradesh,9,Pratapgarh,173,2550,2585,2570
2020-09-21,Potato,24,Uttar Pradesh,9,Pratapgarh,173,2575,2600,2590
2020-09-20,Potato,24,Uttar Pradesh,9,Pratapgarh,173,2570,2600,2585
2020-09-19,Potato,24,Uttar Pradesh,9,Pratapgarh,173,2570,2600,2580
2020-09-18,Potato,24,Uttar Pradesh,9,Pratapgarh,173,2580,2615,2600
2020-09-17,Potato,24,Uttar Pradesh,9,Pratapgarh,173,2585,2630,2600
2020-09-16,Potato,24,Uttar Pradesh,9,Pratapgarh,173,2580,2650,2600
2020-09-15,Potato,24,Uttar Pradesh,9,Pratapgarh,173,2610,2635,2620
2020-09-14,Potato,24,Uttar Pradesh,9,Pratapgarh,173,2580,2625,2600
2020-09-13,Potato,24,Uttar Pradesh,9,Pratapgarh,173,2575,2610,2590
2020-09-12,Potato,24,Uttar Pradesh,9,Pratapgarh,173,2570,2590,2580
2020-09-11,Potato,24,Uttar Pradesh,9,Pratapgarh,173,2560,2585,2575
2020-09-10,Potato,24,Uttar Pradesh,9,Pratapgarh,173,2570,2590,2580
2020-09-09,Potato,24,Uttar Pradesh,9,Pratapgarh,173,2575,2620,2600
2020-09-08,Potato,24,Uttar Pradesh,9,Pratapgarh,173,2590,2615,2600
2020-09-07,Potato,24,Uttar Pradesh,9,Pratapgarh,173,2550,2575,2560
2020-09-06,Potato,24,Uttar Pradesh,9,Pratapgarh,173,2530,2555,2540
2020-09-05,Potato,24,Uttar Pradesh,9,Pratapgarh,173,2550,2585,2570
2020-09-04,Potato,24,Uttar Pradesh,9,Pratapgarh,173,2580,2620,2600
2020-09-03,Potato,24,Uttar Pradesh,9,Pratapgarh,173,2520,2560,2550
2020-09-02,Potato,24,Uttar Pradesh,9,Pratapgarh,173,2540,2560,2550
2020-08-31,Potato,24,Uttar Pradesh,9,Pratapgarh,173,2540,2560,2550
2020-08-30,Potato,24,Uttar Pradesh,9,Pratapgarh,173,2515,2540,2530
2020-08-29,Potato,24,Uttar Pradesh,9,Pratapgarh,173,2500,2530,2520
2020-08-28,Potato,24,Uttar Pradesh,9,Pratapgarh,173,2480,2530,2500
2020-08-27,Potato,24,Uttar Pradesh,9,Pratapgarh,173,2475,2525,2500
2020-08-26,Potato,24,Uttar Pradesh,9,Pratapgarh,173,2500,2520,2510
2020-08-25,Potato,24,Uttar Pradesh,9,Pratapgarh,173,2475,2525,2500
2020-08-24,Potato,24,Uttar Pradesh,9,Pratapgarh,173,2700,2720,2715
2020-08-23,Potato,24,Uttar Pradesh,9,Pratapgarh,173,2680,2720,2710
2020-08-22,Potato,24,Uttar Pradesh,9,Pratapgarh,173,2690,2720,2700
2020-08-21,Potato,24,Uttar Pradesh,9,Pratapgarh,173,2625,2700,2650
2020-08-19,Potato,24,Uttar Pradesh,9,Pratapgarh,173,2370,2400,2380
2020-08-18,Potato,24,Uttar Pradesh,9,Pratapgarh,173,2325,2385,2375
2020-08-17,Potato,24,Uttar Pradesh,9,Pratapgarh,173,2255,2285,2270
2020-08-16,Potato,24,Uttar Pradesh,9,Pratapgarh,173,2250,2275,2260
2020-08-15,Potato,24,Uttar Pradesh,9,Pratapgarh,173,2240,2265,2250
2020-08-14,Potato,24,Uttar Pradesh,9,Pratapgarh,173,2240,2270,2250
2020-08-13,Potato,24,Uttar Pradesh,9,Pratapgarh,173,2180,2210,2190
2020-08-12,Potato,24,Uttar Pradesh,9,Pratapgarh,173,2160,2200,2190
2020-08-11,Potato,24,Uttar Pradesh,9,Pratapgarh,173,2170,2200,2190
2020-08-10,Potato,24,Uttar Pradesh,9,Pratapgarh,173,2170,2200,2180
2020-08-09,Potato,24,Uttar Pradesh,9,Pratapgarh,173,2160,2190,2175
2020-08-08,Potato,24,Uttar Pradesh,9,Pratapgarh,173,2170,2190,2180
2020-08-07,Potato,24,Uttar Pradesh,9,Pratapgarh,173,2160,2180,2170
2020-08-06,Potato,24,Uttar Pradesh,9,Pratapgarh,173,2150,2175,2165
2020-08-05,Potato,24,Uttar Pradesh,9,Pratapgarh,173,2150,2170,2160
2020-08-04,Potato,24,Uttar Pradesh,9,Pratapgarh,173,2140,2160,2150
2020-08-03,Potato,24,Uttar Pradesh,9,Pratapgarh,173,2130,2150,2140
2020-07-30,Potato,24,Uttar Pradesh,9,Pratapgarh,173,2010,2030,2020
2020-07-29,Potato,24,Uttar Pradesh,9,Pratapgarh,173,2030,2060,2050
2020-07-28,Potato,24,Uttar Pradesh,9,Pratapgarh,173,2015,2045,2030
2020-07-27,Potato,24,Uttar Pradesh,9,Pratapgarh,173,1950,1980,1970
2020-07-26,Potato,24,Uttar Pradesh,9,Pratapgarh,173,1960,1990,1975
2020-07-25,Potato,24,Uttar Pradesh,9,Pratapgarh,173,1950,1970,1960
2020-07-24,Potato,24,Uttar Pradesh,9,Pratapgarh,173,1970,1990,1980
2020-07-23,Potato,24,Uttar Pradesh,9,Pratapgarh,173,1980,2020,2000
2020-07-22,Potato,24,Uttar Pradesh,9,Pratapgarh,173,1950,1975,1965
2020-07-21,Potato,24,Uttar Pradesh,9,Pratapgarh,173,1940,1960,1950
2020-07-20,Potato,24,Uttar Pradesh,9,Pratapgarh,173,1940,1960,1950
2020-07-19,Potato,24,Uttar Pradesh,9,Pratapgarh,173,1940,1970,1960
2020-07-18,Potato,24,Uttar Pradesh,9,Pratapgarh,173,1940,1960,1950
2020-07-16,Potato,24,Uttar Pradesh,9,Pratapgarh,173,1920,1950,1935
2020-07-15,Potato,24,Uttar Pradesh,9,Pratapgarh,173,1940,1960,1950
2020-07-14,Potato,24,Uttar Pradesh,9,Pratapgarh,173,1900,1920,1910
2020-07-13,Potato,24,Uttar Pradesh,9,Pratapgarh,173,1900,1925,1915
2020-07-12,Potato,24,Uttar Pradesh,9,Pratapgarh,173,1900,1920,1910
2020-07-11,Potato,24,Uttar Pradesh,9,Pratapgarh,173,1930,1960,1950
2020-07-10,Potato,24,Uttar Pradesh,9,Pratapgarh,173,1890,1925,1900
2020-07-09,Potato,24,Uttar Pradesh,9,Pratapgarh,173,1930,1960,1950
2020-07-08,Potato,24,Uttar Pradesh,9,Pratapgarh,173,1900,1925,1910
2020-07-07,Potato,24,Uttar Pradesh,9,Pratapgarh,173,1910,1940,1920
2020-07-06,Potato,24,Uttar Pradesh,9,Pratapgarh,173,1910,1930,1920
2020-07-05,Potato,24,Uttar Pradesh,9,Pratapgarh,173,1900,1920,1910
2020-07-04,Potato,24,Uttar Pradesh,9,Pratapgarh,173,1880,1930,1900
2020-07-03,Potato,24,Uttar Pradesh,9,Pratapgarh,173,1915,1935,1925
2020-07-02,Potato,24,Uttar Pradesh,9,Pratapgarh,173,1880,1930,1900
2020-06-30,Potato,24,Uttar Pradesh,9,Pratapgarh,173,1885,1910,1900
2020-06-29,Potato,24,Uttar Pradesh,9,Pratapgarh,173,1875,1900,1890
2020-06-28,Potato,24,Uttar Pradesh,9,Pratapgarh,173,1860,1890,1875
2020-06-27,Potato,24,Uttar Pradesh,9,Pratapgarh,173,1880,1915,1900
2020-06-26,Potato,24,Uttar Pradesh,9,Pratapgarh,173,1850,1880,1870
2020-06-25,Potato,24,Uttar Pradesh,9,Pratapgarh,173,1850,1870,1860
2020-06-24,Potato,24,Uttar Pradesh,9,Pratapgarh,173,1840,1865,1850
2020-06-22,Potato,24,Uttar Pradesh,9,Pratapgarh,173,1780,1815,1800
2020-06-21,Potato,24,Uttar Pradesh,9,Pratapgarh,173,1800,1820,1810
2020-06-20,Potato,24,Uttar Pradesh,9,Pratapgarh,173,1625,1675,1650
2020-06-19,Potato,24,Uttar Pradesh,9,Pratapgarh,173,1580,1620,1600
2020-06-18,Potato,24,Uttar Pradesh,9,Pratapgarh,173,1640,1660,1650
2020-06-17,Potato,24,Uttar Pradesh,9,Pratapgarh,173,1580,1600,1590
2020-06-16,Potato,24,Uttar Pradesh,9,Pratapgarh,173,1600,1625,1610
2020-06-15,Potato,24,Uttar Pradesh,9,Pratapgarh,173,1560,1580,1570
2020-06-14,Potato,24,Uttar Pradesh,9,Pratapgarh,173,1550,1575,1565
2020-06-13,Potato,24,Uttar Pradesh,9,Pratapgarh,173,1550,1570,1560
2020-06-12,Potato,24,Uttar Pradesh,9,Pratapgarh,173,1560,1585,1575
2020-06-11,Potato,24,Uttar Pradesh,9,Pratapgarh,173,1560,1580,1570
2020-06-10,Potato,24,Uttar Pradesh,9,Pratapgarh,173,1550,1570,1560
2020-06-09,Potato,24,Uttar Pradesh,9,Pratapgarh,173,1565,1585,1575
2020-06-08,Potato,24,Uttar Pradesh,9,Pratapgarh,173,1560,1585,1575
2020-06-07,Potato,24,Uttar Pradesh,9,Pratapgarh,173,1550,1570,1560
2020-06-06,Potato,24,Uttar Pradesh,9,Pratapgarh,173,1540,1565,1550
2020-06-05,Potato,24,Uttar Pradesh,9,Pratapgarh,173,1550,1570,1560
2020-06-04,Potato,24,Uttar Pradesh,9,Pratapgarh,173,1560,1580,1570
2020-06-03,Potato,24,Uttar Pradesh,9,Pratapgarh,173,1560,1580,1570
2020-06-02,Potato,24,Uttar Pradesh,9,Pratapgarh,173,1560,1585,1575
2020-06-01,Potato,24,Uttar Pradesh,9,Pratapgarh,173,1560,1585,1570
2020-05-31,Potato,24,Uttar Pradesh,9,Pratapgarh,173,1565,1585,1575
2020-05-30,Potato,24,Uttar Pradesh,9,Pratapgarh,173,1560,1580,1570
2020-05-29,Potato,24,Uttar Pradesh,9,Pratapgarh,173,1570,1590,1580
2020-05-28,Potato,24,Uttar Pradesh,9,Pratapgarh,173,1565,1600,1585
2020-05-27,Potato,24,Uttar Pradesh,9,Pratapgarh,173,1560,1580,1570
2020-05-26,Potato,24,Uttar Pradesh,9,Pratapgarh,173,1565,1585,1575
2020-05-25,Potato,24,Uttar Pradesh,9,Pratapgarh,173,1560,1580,1570
2020-05-24,Potato,24,Uttar Pradesh,9,Pratapgarh,173,1560,1600,1580
2020-05-23,Potato,24,Uttar Pradesh,9,Pratapgarh,173,1570,1590,1580
2020-05-22,Potato,24,Uttar Pradesh,9,Pratapgarh,173,1550,1585,1575
2020-05-21,Potato,24,Uttar Pradesh,9,Pratapgarh,173,1570,1590,1580
2020-05-20,Potato,24,Uttar Pradesh,9,Pratapgarh,173,1570,1590,1580
2020-05-19,Potato,24,Uttar Pradesh,9,Pratapgarh,173,1560,1585,1575
2020-05-18,Potato,24,Uttar Pradesh,9,Pratapgarh,173,1570,1590,1580
2020-05-17,Potato,24,Uttar Pradesh,9,Pratapgarh,173,1575,1600,1590
2020-05-16,Potato,24,Uttar Pradesh,9,Pratapgarh,173,1560,1580,1570
2020-05-15,Potato,24,Uttar Pradesh,9,Pratapgarh,173,1570,1600,1585
2020-05-14,Potato,24,Uttar Pradesh,9,Pratapgarh,173,1550,1575,1565
2020-05-13,Potato,24,Uttar Pradesh,9,Pratapgarh,173,1560,1585,1575
2020-05-12,Potato,24,Uttar Pradesh,9,Pratapgarh,173,1565,1590,1580
2020-05-11,Potato,24,Uttar Pradesh,9,Pratapgarh,173,1560,1585,1575
2020-05-10,Potato,24,Uttar Pradesh,9,Pratapgarh,173,1570,1590,1580
2020-05-09,Potato,24,Uttar Pradesh,9,Pratapgarh,173,1570,1590,1580
2020-05-08,Potato,24,Uttar Pradesh,9,Pratapgarh,173,1560,1580,1570
2020-05-07,Potato,24,Uttar Pradesh,9,Pratapgarh,173,1560,1585,1575
2020-05-06,Potato,24,Uttar Pradesh,9,Pratapgarh,173,1570,1590,1580
2020-05-05,Potato,24,Uttar Pradesh,9,Pratapgarh,173,1560,1590,1585
2020-05-04,Potato,24,Uttar Pradesh,9,Pratapgarh,173,1560,1585,1575
2020-05-03,Potato,24,Uttar Pradesh,9,Pratapgarh,173,1550,1585,1570
2020-05-02,Potato,24,Uttar Pradesh,9,Pratapgarh,173,1560,1585,1575
2020-04-30,Potato,24,Uttar Pradesh,9,Pratapgarh,173,1560,1585,1575
2020-04-29,Potato,24,Uttar Pradesh,9,Pratapgarh,173,1570,1590,1580
2020-04-27,Potato,24,Uttar Pradesh,9,Pratapgarh,173,1550,1600,1580
2020-04-26,Potato,24,Uttar Pradesh,9,Pratapgarh,173,1550,1600,1575
2020-04-25,Potato,24,Uttar Pradesh,9,Pratapgarh,173,1460,1490,1480
2020-04-24,Potato,24,Uttar Pradesh,9,Pratapgarh,173,1480,1520,1500
2020-04-23,Potato,24,Uttar Pradesh,9,Pratapgarh,173,1460,1485,1475
2020-04-22,Potato,24,Uttar Pradesh,9,Pratapgarh,173,1460,1480,1470
2020-04-21,Potato,24,Uttar Pradesh,9,Pratapgarh,173,1435,1460,1450
2020-04-20,Potato,24,Uttar Pradesh,9,Pratapgarh,173,1440,1465,1455
2020-04-19,Potato,24,Uttar Pradesh,9,Pratapgarh,173,1450,1470,1460
2020-04-18,Potato,24,Uttar Pradesh,9,Pratapgarh,173,1430,1460,1450
2020-04-17,Potato,24,Uttar Pradesh,9,Pratapgarh,173,1425,1460,1440
2020-04-16,Potato,24,Uttar Pradesh,9,Pratapgarh,173,1425,1450,1435
2020-04-15,Potato,24,Uttar Pradesh,9,Pratapgarh,173,1380,1400,1390
2020-04-14,Potato,24,Uttar Pradesh,9,Pratapgarh,173,1400,1425,1410
2020-04-13,Potato,24,Uttar Pradesh,9,Pratapgarh,173,1355,1385,1375
2020-04-12,Potato,24,Uttar Pradesh,9,Pratapgarh,173,1365,1390,1380
2020-04-11,Potato,24,Uttar Pradesh,9,Pratapgarh,173,1360,1400,1385
2020-04-10,Potato,24,Uttar Pradesh,9,Pratapgarh,173,1370,1400,1385
2020-04-09,Potato,24,Uttar Pradesh,9,Pratapgarh,173,1365,1400,1390
2020-04-08,Potato,24,Uttar Pradesh,9,Pratapgarh,173,1365,1425,1400
2020-04-07,Potato,24,Uttar Pradesh,9,Pratapgarh,173,1325,1345,1335
2020-04-06,Potato,24,Uttar Pradesh,9,Pratapgarh,173,1310,1340,1325
2020-04-05,Potato,24,Uttar Pradesh,9,Pratapgarh,173,1260,1285,1275
2020-04-04,Potato,24,Uttar Pradesh,9,Pratapgarh,173,1270,1290,1280
2020-04-03,Potato,24,Uttar Pradesh,9,Pratapgarh,173,1270,1290,1280
2020-04-02,Potato,24,Uttar Pradesh,9,Pratapgarh,173,1275,1300,1290
2020-03-31,Potato,24,Uttar Pradesh,9,Pratapgarh,173,1340,1360,1350
2020-03-30,Potato,24,Uttar Pradesh,9,Pratapgarh,173,1320,1355,1340
2020-03-29,Potato,24,Uttar Pradesh,9,Pratapgarh,173,1280,1320,1300
2020-03-28,Potato,24,Uttar Pradesh,9,Pratapgarh,173,1300,1340,1325
2020-03-24,Potato,24,Uttar Pradesh,9,Pratapgarh,173,1400,1425,1415
2020-03-23,Potato,24,Uttar Pradesh,9,Pratapgarh,173,1375,1410,1390
2020-03-21,Potato,24,Uttar Pradesh,9,Pratapgarh,173,1340,1370,1350
2020-03-20,Potato,24,Uttar Pradesh,9,Pratapgarh,173,1360,1385,1375
2020-03-19,Potato,24,Uttar Pradesh,9,Pratapgarh,173,1210,1235,1225
2020-03-18,Potato,24,Uttar Pradesh,9,Pratapgarh,173,1180,1205,1190
2020-03-17,Potato,24,Uttar Pradesh,9,Pratapgarh,173,1175,1215,1200
2020-03-16,Potato,24,Uttar Pradesh,9,Pratapgarh,173,1160,1210,1175
2020-03-15,Potato,24,Uttar Pradesh,9,Pratapgarh,173,1280,1310,1290
2020-03-14,Potato,24,Uttar Pradesh,9,Pratapgarh,173,1280,1320,1300
2020-03-13,Potato,24,Uttar Pradesh,9,Pratapgarh,173,1120,1140,1130
2020-03-12,Potato,24,Uttar Pradesh,9,Pratapgarh,173,1110,1150,1135
2020-03-11,Potato,24,Uttar Pradesh,9,Pratapgarh,173,1125,1145,1135
2020-03-10,Potato,24,Uttar Pradesh,9,Pratapgarh,173,1130,1150,1140
2020-03-09,Potato,24,Uttar Pradesh,9,Pratapgarh,173,1120,1150,1130
2020-03-08,Potato,24,Uttar Pradesh,9,Pratapgarh,173,1125,1155,1140
2020-03-06,Potato,24,Uttar Pradesh,9,Pratapgarh,173,1140,1160,1150
2020-03-05,Potato,24,Uttar Pradesh,9,Pratapgarh,173,1050,1075,1065
2020-03-04,Potato,24,Uttar Pradesh,9,Pratapgarh,173,1050,1070,1060
2020-03-03,Potato,24,Uttar Pradesh,9,Pratapgarh,173,1040,1060,1050
2020-03-02,Potato,24,Uttar Pradesh,9,Pratapgarh,173,1080,1100,1090
2020-02-29,Potato,24,Uttar Pradesh,9,Pratapgarh,173,1100,1130,1120
2020-02-28,Potato,24,Uttar Pradesh,9,Pratapgarh,173,1100,1135,1125
2020-02-27,Potato,24,Uttar Pradesh,9,Pratapgarh,173,1110,1135,1125
2020-02-26,Potato,24,Uttar Pradesh,9,Pratapgarh,173,1075,1100,1090
2020-02-25,Potato,24,Uttar Pradesh,9,Pratapgarh,173,1070,1090,1080
2020-02-24,Potato,24,Uttar Pradesh,9,Pratapgarh,173,1060,1085,1075
2020-02-23,Potato,24,Uttar Pradesh,9,Pratapgarh,173,1070,1090,1080
2020-02-22,Potato,24,Uttar Pradesh,9,Pratapgarh,173,1070,1100,1085
2020-02-21,Potato,24,Uttar Pradesh,9,Pratapgarh,173,1070,1090,1080
2020-02-20,Potato,24,Uttar Pradesh,9,Pratapgarh,173,1065,1090,1080
2020-02-19,Potato,24,Uttar Pradesh,9,Pratapgarh,173,1050,1110,1090
2020-02-18,Potato,24,Uttar Pradesh,9,Pratapgarh,173,1080,1100,1090
2020-02-17,Potato,24,Uttar Pradesh,9,Pratapgarh,173,1090,1125,1100
2020-02-16,Potato,24,Uttar Pradesh,9,Pratapgarh,173,1100,1125,1115
2020-02-15,Potato,24,Uttar Pradesh,9,Pratapgarh,173,1100,1120,1110
2020-02-14,Potato,24,Uttar Pradesh,9,Pratapgarh,173,1085,1115,1100
2020-02-13,Potato,24,Uttar Pradesh,9,Pratapgarh,173,1165,1190,1175
2020-02-12,Potato,24,Uttar Pradesh,9,Pratapgarh,173,1170,1195,1185
2020-02-11,Potato,24,Uttar Pradesh,9,Pratapgarh,173,1180,1215,1190
2020-02-10,Potato,24,Uttar Pradesh,9,Pratapgarh,173,1210,1235,1225
2020-02-09,Potato,24,Uttar Pradesh,9,Pratapgarh,173,1230,1260,1250
2020-02-08,Potato,24,Uttar Pradesh,9,Pratapgarh,173,1270,1290,1280
2020-02-07,Potato,24,Uttar Pradesh,9,Pratapgarh,173,1170,1195,1185
2020-02-06,Potato,24,Uttar Pradesh,9,Pratapgarh,173,1175,1210,1190
2020-02-05,Potato,24,Uttar Pradesh,9,Pratapgarh,173,1190,1215,1205
2020-02-04,Potato,24,Uttar Pradesh,9,Pratapgarh,173,1190,1220,1210
2020-02-03,Potato,24,Uttar Pradesh,9,Pratapgarh,173,1210,1230,1220
2020-02-02,Potato,24,Uttar Pradesh,9,Pratapgarh,173,1250,1280,1275
2020-01-31,Potato,24,Uttar Pradesh,9,Pratapgarh,173,1275,1300,1290
2020-01-30,Potato,24,Uttar Pradesh,9,Pratapgarh,173,1280,1320,1300
2020-01-29,Potato,24,Uttar Pradesh,9,Pratapgarh,173,1270,1320,1300
2020-01-28,Potato,24,Uttar Pradesh,9,Pratapgarh,173,1350,1390,1380
2020-01-27,Potato,24,Uttar Pradesh,9,Pratapgarh,173,1415,1435,1425
2020-01-26,Potato,24,Uttar Pradesh,9,Pratapgarh,173,1430,1450,1440
2020-01-25,Potato,24,Uttar Pradesh,9,Pratapgarh,173,1435,1465,1455
2020-01-24,Potato,24,Uttar Pradesh,9,Pratapgarh,173,1455,1480,1470
2020-01-23,Potato,24,Uttar Pradesh,9,Pratapgarh,173,1450,1475,1460
2020-01-22,Potato,24,Uttar Pradesh,9,Pratapgarh,173,1440,1460,1450
2020-01-21,Potato,24,Uttar Pradesh,9,Pratapgarh,173,1430,1450,1440
2020-01-20,Potato,24,Uttar Pradesh,9,Pratapgarh,173,1425,1465,1450
2020-01-19,Potato,24,Uttar Pradesh,9,Pratapgarh,173,1500,1525,1515
2020-01-18,Potato,24,Uttar Pradesh,9,Pratapgarh,173,1480,1525,1500
2020-01-16,Potato,24,Uttar Pradesh,9,Pratapgarh,173,1510,1530,1520
2020-01-15,Potato,24,Uttar Pradesh,9,Pratapgarh,173,1550,1575,1560
2020-01-14,Potato,24,Uttar Pradesh,9,Pratapgarh,173,1430,1460,1450
2020-01-13,Potato,24,Uttar Pradesh,9,Pratapgarh,173,1450,1500,1480
2020-01-12,Potato,24,Uttar Pradesh,9,Pratapgarh,173,1480,1520,1500
2020-01-11,Potato,24,Uttar Pradesh,9,Pratapgarh,173,1510,1530,1520
2020-01-10,Potato,24,Uttar Pradesh,9,Pratapgarh,173,1480,1520,1500
2020-01-09,Potato,24,Uttar Pradesh,9,Pratapgarh,173,1485,1520,1510
2020-01-08,Potato,24,Uttar Pradesh,9,Pratapgarh,173,1485,1550,1500
2020-01-07,Potato,24,Uttar Pradesh,9,Pratapgarh,173,1530,1550,1540
2020-01-06,Potato,24,Uttar Pradesh,9,Pratapgarh,173,1530,1570,1550
2020-01-05,Potato,24,Uttar Pradesh,9,Pratapgarh,173,1510,1530,1520
2020-01-04,Potato,24,Uttar Pradesh,9,Pratapgarh,173,1540,1570,1550
2020-01-03,Potato,24,Uttar Pradesh,9,Pratapgarh,173,1540,1575,1550
2020-01-02,Potato,24,Uttar Pradesh,9,Pratapgarh,173,1580,1630,1600
2019-12-31,Potato,24,Uttar Pradesh,9,Pratapgarh,173,1590,1630,1600
2019-12-30,Potato,24,Uttar Pradesh,9,Pratapgarh,173,1580,1615,1600
2019-12-29,Potato,24,Uttar Pradesh,9,Pratapgarh,173,1600,1625,1610
2019-12-28,Potato,24,Uttar Pradesh,9,Pratapgarh,173,1600,1625,1610
2019-12-27,Potato,24,Uttar Pradesh,9,Pratapgarh,173,1585,1620,1600
2019-12-26,Potato,24,Uttar Pradesh,9,Pratapgarh,173,1630,1680,1650
2019-12-25,Potato,24,Uttar Pradesh,9,Pratapgarh,173,1675,1725,1700
2019-12-24,Potato,24,Uttar Pradesh,9,Pratapgarh,173,1700,1740,1725
2019-12-23,Potato,24,Uttar Pradesh,9,Pratapgarh,173,1740,1765,1750
2019-12-22,Potato,24,Uttar Pradesh,9,Pratapgarh,173,1700,1730,1720
2019-12-21,Potato,24,Uttar Pradesh,9,Pratapgarh,173,1850,1920,1900
2019-12-20,Potato,24,Uttar Pradesh,9,Pratapgarh,173,1885,1915,1900
2019-12-19,Potato,24,Uttar Pradesh,9,Pratapgarh,173,1180,1200,1190
2019-12-18,Potato,24,Uttar Pradesh,9,Pratapgarh,173,1200,1220,1210
2019-12-17,Potato,24,Uttar Pradesh,9,Pratapgarh,173,1180,1200,1190
2019-12-16,Potato,24,Uttar Pradesh,9,Pratapgarh,173,1195,1225,1210
2019-12-15,Potato,24,Uttar Pradesh,9,Pratapgarh,173,1110,1140,1120
2019-12-14,Potato,24,Uttar Pradesh,9,Pratapgarh,173,1120,1140,1130
2019-12-13,Potato,24,Uttar Pradesh,9,Pratapgarh,173,1130,1170,1150
2019-12-12,Potato,24,Uttar Pradesh,9,Pratapgarh,173,1140,1160,1150
2019-12-11,Potato,24,Uttar Pradesh,9,Pratapgarh,173,1110,1150,1125
2019-12-10,Potato,24,Uttar Pradesh,9,Pratapgarh,173,1050,1080,1070
2019-12-09,Potato,24,Uttar Pradesh,9,Pratapgarh,173,1040,1060,1050
2019-12-08,Potato,24,Uttar Pradesh,9,Pratapgarh,173,1020,1030,1025
2019-12-07,Potato,24,Uttar Pradesh,9,Pratapgarh,173,1010,1020,1015
2019-12-06,Potato,24,Uttar Pradesh,9,Pratapgarh,173,1010,1030,1020
2019-12-05,Potato,24,Uttar Pradesh,9,Pratapgarh,173,1005,1025,1015
2019-12-04,Potato,24,Uttar Pradesh,9,Pratapgarh,173,1010,1030,1020
2019-12-03,Potato,24,Uttar Pradesh,9,Pratapgarh,173,995,1025,1010
2019-12-02,Potato,24,Uttar Pradesh,9,Pratapgarh,173,1040,1075,1050
2019-11-30,Potato,24,Uttar Pradesh,9,Pratapgarh,173,990,1025,1010
2019-11-29,Potato,24,Uttar Pradesh,9,Pratapgarh,173,1010,1030,1020
2019-11-28,Potato,24,Uttar Pradesh,9,Pratapgarh,173,990,1020,1000
2019-11-27,Potato,24,Uttar Pradesh,9,Pratapgarh,173,1010,1035,1025
2019-11-26,Potato,24,Uttar Pradesh,9,Pratapgarh,173,990,1020,1010
2019-11-25,Potato,24,Uttar Pradesh,9,Pratapgarh,173,990,1020,1010
2019-11-24,Potato,24,Uttar Pradesh,9,Pratapgarh,173,980,1010,990
2019-11-23,Potato,24,Uttar Pradesh,9,Pratapgarh,173,965,990,980
2019-11-22,Potato,24,Uttar Pradesh,9,Pratapgarh,173,970,990,980
2019-11-21,Potato,24,Uttar Pradesh,9,Pratapgarh,173,1000,1020,1010
2019-11-20,Potato,24,Uttar Pradesh,9,Pratapgarh,173,970,990,980
2019-11-19,Potato,24,Uttar Pradesh,9,Pratapgarh,173,960,980,970
2019-11-18,Potato,24,Uttar Pradesh,9,Pratapgarh,173,960,985,970
2019-11-17,Potato,24,Uttar Pradesh,9,Pratapgarh,173,960,985,975
2019-11-16,Potato,24,Uttar Pradesh,9,Pratapgarh,173,970,990,980
2019-11-15,Potato,24,Uttar Pradesh,9,Pratapgarh,173,960,985,975
2019-11-14,Potato,24,Uttar Pradesh,9,Pratapgarh,173,970,990,980
2019-11-13,Potato,24,Uttar Pradesh,9,Pratapgarh,173,960,985,975
2019-11-12,Potato,24,Uttar Pradesh,9,Pratapgarh,173,960,985,975
2019-11-11,Potato,24,Uttar Pradesh,9,Pratapgarh,173,950,985,975
2019-11-10,Potato,24,Uttar Pradesh,9,Pratapgarh,173,960,985,975
2019-11-09,Potato,24,Uttar Pradesh,9,Pratapgarh,173,955,985,970
2019-11-08,Potato,24,Uttar Pradesh,9,Pratapgarh,173,960,985,975
2019-11-07,Potato,24,Uttar Pradesh,9,Pratapgarh,173,950,970,960
2019-11-06,Potato,24,Uttar Pradesh,9,Pratapgarh,173,950,965,955
2019-11-05,Potato,24,Uttar Pradesh,9,Pratapgarh,173,950,975,965
2019-11-04,Potato,24,Uttar Pradesh,9,Pratapgarh,173,950,970,960
2019-11-03,Potato,24,Uttar Pradesh,9,Pratapgarh,173,930,950,940
2019-11-02,Potato,24,Uttar Pradesh,9,Pratapgarh,173,930,955,940
2019-10-31,Potato,24,Uttar Pradesh,9,Pratapgarh,173,940,960,950
2019-10-30,Potato,24,Uttar Pradesh,9,Pratapgarh,173,940,965,955
2019-10-29,Potato,24,Uttar Pradesh,9,Pratapgarh,173,950,980,970
2019-10-28,Potato,24,Uttar Pradesh,9,Pratapgarh,173,935,955,945
2019-10-27,Potato,24,Uttar Pradesh,9,Pratapgarh,173,920,940,930
2019-10-26,Potato,24,Uttar Pradesh,9,Pratapgarh,173,930,950,940
2019-10-25,Potato,24,Uttar Pradesh,9,Pratapgarh,173,940,960,950
2019-10-24,Potato,24,Uttar Pradesh,9,Pratapgarh,173,940,960,950
2019-10-23,Potato,24,Uttar Pradesh,9,Pratapgarh,173,940,965,955
2019-10-22,Potato,24,Uttar Pradesh,9,Pratapgarh,173,935,960,945
2019-10-21,Potato,24,Uttar Pradesh,9,Pratapgarh,173,950,970,960
2019-10-20,Potato,24,Uttar Pradesh,9,Pratapgarh,173,940,965,955
2019-10-19,Potato,24,Uttar Pradesh,9,Pratapgarh,173,940,960,950
2019-10-18,Potato,24,Uttar Pradesh,9,Pratapgarh,173,940,960,950
2019-10-16,Potato,24,Uttar Pradesh,9,Pratapgarh,173,910,940,925
2019-10-15,Potato,24,Uttar Pradesh,9,Pratapgarh,173,920,945,930
2019-10-14,Potato,24,Uttar Pradesh,9,Pratapgarh,173,900,920,910
2019-10-13,Potato,24,Uttar Pradesh,9,Pratapgarh,173,910,930,920
2019-10-12,Potato,24,Uttar Pradesh,9,Pratapgarh,173,900,920,910
2019-10-11,Potato,24,Uttar Pradesh,9,Pratapgarh,173,900,925,915
2019-10-10,Potato,24,Uttar Pradesh,9,Pratapgarh,173,900,925,910
2019-10-09,Potato,24,Uttar Pradesh,9,Pratapgarh,173,900,925,915
2019-10-08,Potato,24,Uttar Pradesh,9,Pratapgarh,173,915,940,930
2019-10-07,Potato,24,Uttar Pradesh,9,Pratapgarh,173,910,935,925
2019-10-06,Potato,24,Uttar Pradesh,9,Pratapgarh,173,910,930,920
2019-10-05,Potato,24,Uttar Pradesh,9,Pratapgarh,173,910,940,925
2019-10-04,Potato,24,Uttar Pradesh,9,Pratapgarh,173,870,900,885
2019-10-03,Potato,24,Uttar Pradesh,9,Pratapgarh,173,875,910,890
2019-10-02,Potato,24,Uttar Pradesh,9,Pratapgarh,173,880,910,900
2019-09-30,Potato,24,Uttar Pradesh,9,Pratapgarh,173,885,915,900
2019-09-29,Potato,24,Uttar Pradesh,9,Pratapgarh,173,885,920,900
2019-09-28,Potato,24,Uttar Pradesh,9,Pratapgarh,173,890,910,900
2019-09-27,Potato,24,Uttar Pradesh,9,Pratapgarh,173,880,900,890
2019-09-26,Potato,24,Uttar Pradesh,9,Pratapgarh,173,875,900,890
2019-09-25,Potato,24,Uttar Pradesh,9,Pratapgarh,173,885,910,900
2019-09-24,Potato,24,Uttar Pradesh,9,Pratapgarh,173,880,910,900
2019-09-23,Potato,24,Uttar Pradesh,9,Pratapgarh,173,890,915,900
2019-09-22,Potato,24,Uttar Pradesh,9,Pratapgarh,173,900,920,910
2019-09-21,Potato,24,Uttar Pradesh,9,Pratapgarh,173,880,900,890
2019-09-20,Potato,24,Uttar Pradesh,9,Pratapgarh,173,890,920,900
2019-09-19,Potato,24,Uttar Pradesh,9,Pratapgarh,173,900,920,910
2019-09-18,Potato,24,Uttar Pradesh,9,Pratapgarh,173,900,920,910
2019-09-17,Potato,24,Uttar Pradesh,9,Pratapgarh,173,890,910,900
2019-09-16,Potato,24,Uttar Pradesh,9,Pratapgarh,173,880,900,890
2019-09-15,Potato,24,Uttar Pradesh,9,Pratapgarh,173,870,900,885
2019-09-14,Potato,24,Uttar Pradesh,9,Pratapgarh,173,870,890,880
2019-09-13,Potato,24,Uttar Pradesh,9,Pratapgarh,173,870,900,885
2019-09-12,Potato,24,Uttar Pradesh,9,Pratapgarh,173,870,890,880
2019-09-11,Potato,24,Uttar Pradesh,9,Pratapgarh,173,880,890,885
2019-09-10,Potato,24,Uttar Pradesh,9,Pratapgarh,173,870,890,880
2019-09-09,Potato,24,Uttar Pradesh,9,Pratapgarh,173,880,910,900
2019-09-08,Potato,24,Uttar Pradesh,9,Pratapgarh,173,880,900,890
2019-09-07,Potato,24,Uttar Pradesh,9,Pratapgarh,173,890,910,900
2019-09-06,Potato,24,Uttar Pradesh,9,Pratapgarh,173,880,910,890
2019-09-05,Potato,24,Uttar Pradesh,9,Pratapgarh,173,880,900,890
2019-09-04,Potato,24,Uttar Pradesh,9,Pratapgarh,173,880,910,900
2019-09-03,Potato,24,Uttar Pradesh,9,Pratapgarh,173,880,910,900
2019-09-02,Potato,24,Uttar Pradesh,9,Pratapgarh,173,890,910,900
2019-08-31,Potato,24,Uttar Pradesh,9,Pratapgarh,173,890,915,905
2019-08-30,Potato,24,Uttar Pradesh,9,Pratapgarh,173,910,920,915
2019-08-29,Potato,24,Uttar Pradesh,9,Pratapgarh,173,900,925,910
2019-08-28,Potato,24,Uttar Pradesh,9,Pratapgarh,173,890,920,910
2019-08-27,Potato,24,Uttar Pradesh,9,Pratapgarh,173,900,920,910
2019-08-26,Potato,24,Uttar Pradesh,9,Pratapgarh,173,880,915,900
2019-08-25,Potato,24,Uttar Pradesh,9,Pratapgarh,173,890,920,900
2019-08-24,Potato,24,Uttar Pradesh,9,Pratapgarh,173,910,920,915
2019-08-23,Potato,24,Uttar Pradesh,9,Pratapgarh,173,900,920,910
2019-08-22,Potato,24,Uttar Pradesh,9,Pratapgarh,173,900,920,915
2019-08-21,Potato,24,Uttar Pradesh,9,Pratapgarh,173,900,925,910
2019-08-20,Potato,24,Uttar Pradesh,9,Pratapgarh,173,900,925,915
2019-08-19,Potato,24,Uttar Pradesh,9,Pratapgarh,173,900,925,915
2019-08-18,Potato,24,Uttar Pradesh,9,Pratapgarh,173,910,930,920
2019-08-17,Potato,24,Uttar Pradesh,9,Pratapgarh,173,900,925,910
2019-08-16,Potato,24,Uttar Pradesh,9,Pratapgarh,173,900,925,915
2019-08-15,Potato,24,Uttar Pradesh,9,Pratapgarh,173,910,930,920
2019-08-14,Potato,24,Uttar Pradesh,9,Pratapgarh,173,920,940,930
2019-08-13,Potato,24,Uttar Pradesh,9,Pratapgarh,173,915,925,920
2019-08-12,Potato,24,Uttar Pradesh,9,Pratapgarh,173,900,920,910
2019-08-11,Potato,24,Uttar Pradesh,9,Pratapgarh,173,910,930,920
2019-08-10,Potato,24,Uttar Pradesh,9,Pratapgarh,173,900,925,915
2019-08-09,Potato,24,Uttar Pradesh,9,Pratapgarh,173,900,925,910
2019-08-08,Potato,24,Uttar Pradesh,9,Pratapgarh,173,900,925,915
2019-08-07,Potato,24,Uttar Pradesh,9,Pratapgarh,173,910,930,920
2019-08-06,Potato,24,Uttar Pradesh,9,Pratapgarh,173,900,920,910
2019-08-05,Potato,24,Uttar Pradesh,9,Pratapgarh,173,910,930,920
2019-08-04,Potato,24,Uttar Pradesh,9,Pratapgarh,173,920,930,925
2019-08-03,Potato,24,Uttar Pradesh,9,Pratapgarh,173,925,935,930
2019-08-02,Potato,24,Uttar Pradesh,9,Pratapgarh,173,910,930,920
2019-07-31,Potato,24,Uttar Pradesh,9,Pratapgarh,173,915,935,925
2019-07-30,Potato,24,Uttar Pradesh,9,Pratapgarh,173,930,940,935
2019-07-29,Potato,24,Uttar Pradesh,9,Pratapgarh,173,925,945,935
2019-07-28,Potato,24,Uttar Pradesh,9,Pratapgarh,173,920,940,930
2019-07-27,Potato,24,Uttar Pradesh,9,Pratapgarh,173,920,935,925
2019-07-26,Potato,24,Uttar Pradesh,9,Pratapgarh,173,915,945,930
2019-07-25,Potato,24,Uttar Pradesh,9,Pratapgarh,173,920,940,930
2019-07-24,Potato,24,Uttar Pradesh,9,Pratapgarh,173,925,935,930
2019-07-23,Potato,24,Uttar Pradesh,9,Pratapgarh,173,920,940,930
2019-07-22,Potato,24,Uttar Pradesh,9,Pratapgarh,173,910,935,925
2019-07-21,Potato,24,Uttar Pradesh,9,Pratapgarh,173,920,940,930
2019-07-20,Potato,24,Uttar Pradesh,9,Pratapgarh,173,910,925,920
2019-07-19,Potato,24,Uttar Pradesh,9,Pratapgarh,173,910,935,925
2019-07-18,Potato,24,Uttar Pradesh,9,Pratapgarh,173,910,930,920
2019-07-17,Potato,24,Uttar Pradesh,9,Pratapgarh,173,910,935,925
2019-07-16,Potato,24,Uttar Pradesh,9,Pratapgarh,173,920,940,930
2019-07-15,Potato,24,Uttar Pradesh,9,Pratapgarh,173,915,935,925
2019-07-14,Potato,24,Uttar Pradesh,9,Pratapgarh,173,920,940,930
2019-07-13,Potato,24,Uttar Pradesh,9,Pratapgarh,173,910,935,925
2019-07-12,Potato,24,Uttar Pradesh,9,Pratapgarh,173,920,930,925
2019-07-11,Potato,24,Uttar Pradesh,9,Pratapgarh,173,910,935,925
2019-07-10,Potato,24,Uttar Pradesh,9,Pratapgarh,173,920,940,930
2019-07-09,Potato,24,Uttar Pradesh,9,Pratapgarh,173,910,930,920
2019-07-08,Potato,24,Uttar Pradesh,9,Pratapgarh,173,910,935,925
2019-07-07,Potato,24,Uttar Pradesh,9,Pratapgarh,173,910,930,920
2019-07-06,Potato,24,Uttar Pradesh,9,Pratapgarh,173,915,930,920
2019-07-05,Potato,24,Uttar Pradesh,9,Pratapgarh,173,900,920,910
2019-07-04,Potato,24,Uttar Pradesh,9,Pratapgarh,173,900,925,915
2019-07-03,Potato,24,Uttar Pradesh,9,Pratapgarh,173,910,930,920
2019-07-02,Potato,24,Uttar Pradesh,9,Pratapgarh,173,905,925,915
2019-06-30,Potato,24,Uttar Pradesh,9,Pratapgarh,173,900,925,915
2019-06-29,Potato,24,Uttar Pradesh,9,Pratapgarh,173,900,920,910
2019-06-28,Potato,24,Uttar Pradesh,9,Pratapgarh,173,900,925,915
2019-06-27,Potato,24,Uttar Pradesh,9,Pratapgarh,173,900,925,915
2019-06-26,Potato,24,Uttar Pradesh,9,Pratapgarh,173,900,920,910
2019-06-25,Potato,24,Uttar Pradesh,9,Pratapgarh,173,910,930,920
2019-06-24,Potato,24,Uttar Pradesh,9,Pratapgarh,173,900,920,910
2019-06-23,Potato,24,Uttar Pradesh,9,Pratapgarh,173,900,925,915
2019-06-22,Potato,24,Uttar Pradesh,9,Pratapgarh,173,910,930,915
2019-06-21,Potato,24,Uttar Pradesh,9,Pratapgarh,173,900,920,910
2019-06-20,Potato,24,Uttar Pradesh,9,Pratapgarh,173,900,925,915
2019-06-19,Potato,24,Uttar Pradesh,9,Pratapgarh,173,900,920,910
2019-06-18,Potato,24,Uttar Pradesh,9,Pratapgarh,173,905,915,910
2019-06-17,Potato,24,Uttar Pradesh,9,Pratapgarh,173,900,925,915
2019-06-16,Potato,24,Uttar Pradesh,9,Pratapgarh,173,900,910,905
2019-06-15,Potato,24,Uttar Pradesh,9,Pratapgarh,173,890,920,900
2019-06-14,Potato,24,Uttar Pradesh,9,Pratapgarh,173,900,920,910
2019-06-12,Potato,24,Uttar Pradesh,9,Pratapgarh,173,880,915,900
2019-06-11,Potato,24,Uttar Pradesh,9,Pratapgarh,173,900,915,910
2019-06-10,Potato,24,Uttar Pradesh,9,Pratapgarh,173,880,895,885
2019-06-09,Potato,24,Uttar Pradesh,9,Pratapgarh,173,890,910,900
2019-06-08,Potato,24,Uttar Pradesh,9,Pratapgarh,173,880,910,895
2019-06-07,Potato,24,Uttar Pradesh,9,Pratapgarh,173,885,910,900
2019-06-06,Potato,24,Uttar Pradesh,9,Pratapgarh,173,900,920,910
2019-06-05,Potato,24,Uttar Pradesh,9,Pratapgarh,173,880,920,900
2019-06-04,Potato,24,Uttar Pradesh,9,Pratapgarh,173,880,900,895
2019-06-03,Potato,24,Uttar Pradesh,9,Pratapgarh,173,880,915,900
2019-06-02,Potato,24,Uttar Pradesh,9,Pratapgarh,173,875,900,890
2019-05-31,Potato,24,Uttar Pradesh,9,Pratapgarh,173,875,900,890
2019-05-30,Potato,24,Uttar Pradesh,9,Pratapgarh,173,870,895,880
2019-05-29,Potato,24,Uttar Pradesh,9,Pratapgarh,173,875,900,890
2019-05-28,Potato,24,Uttar Pradesh,9,Pratapgarh,173,880,910,900
2019-05-27,Potato,24,Uttar Pradesh,9,Pratapgarh,173,815,840,825
2019-05-26,Potato,24,Uttar Pradesh,9,Pratapgarh,173,820,850,835
2019-05-25,Potato,24,Uttar Pradesh,9,Pratapgarh,173,830,850,840
2019-05-24,Potato,24,Uttar Pradesh,9,Pratapgarh,173,810,835,825
2019-05-23,Potato,24,Uttar Pradesh,9,Pratapgarh,173,820,840,830
2019-05-22,Potato,24,Uttar Pradesh,9,Pratapgarh,173,800,825,815
2019-05-21,Potato,24,Uttar Pradesh,9,Pratapgarh,173,800,820,810
2019-05-20,Potato,24,Uttar Pradesh,9,Pratapgarh,173,790,825,800
2019-05-19,Potato,24,Uttar Pradesh,9,Pratapgarh,173,770,790,780
2019-05-18,Potato,24,Uttar Pradesh,9,Pratapgarh,173,775,795,785
2019-05-17,Potato,24,Uttar Pradesh,9,Pratapgarh,173,765,800,785
2019-05-16,Potato,24,Uttar Pradesh,9,Pratapgarh,173,780,810,790
2019-05-15,Potato,24,Uttar Pradesh,9,Pratapgarh,173,810,835,825
2019-05-14,Potato,24,Uttar Pradesh,9,Pratapgarh,173,760,780,770
2019-05-13,Potato,24,Uttar Pradesh,9,Pratapgarh,173,765,790,775
2019-05-12,Potato,24,Uttar Pradesh,9,Pratapgarh,173,770,790,780
2019-05-11,Potato,24,Uttar Pradesh,9,Pratapgarh,173,750,785,775
2019-05-10,Potato,24,Uttar Pradesh,9,Pratapgarh,173,755,785,775
2019-05-09,Potato,24,Uttar Pradesh,9,Pratapgarh,173,755,775,765
2019-05-08,Potato,24,Uttar Pradesh,9,Pratapgarh,173,730,750,740
2019-05-07,Potato,24,Uttar Pradesh,9,Pratapgarh,173,750,770,760
2019-05-06,Potato,24,Uttar Pradesh,9,Pratapgarh,173,750,775,760
2019-05-05,Potato,24,Uttar Pradesh,9,Pratapgarh,173,730,750,740
2019-05-04,Potato,24,Uttar Pradesh,9,Pratapgarh,173,740,770,750
2019-05-03,Potato,24,Uttar Pradesh,9,Pratapgarh,173,735,760,750
2019-05-02,Potato,24,Uttar Pradesh,9,Pratapgarh,173,730,755,740
2019-04-30,Potato,24,Uttar Pradesh,9,Pratapgarh,173,740,760,750
2019-04-29,Potato,24,Uttar Pradesh,9,Pratapgarh,173,725,750,735
2019-04-28,Potato,24,Uttar Pradesh,9,Pratapgarh,173,725,755,740
2019-04-27,Potato,24,Uttar Pradesh,9,Pratapgarh,173,725,770,750
2019-04-26,Potato,24,Uttar Pradesh,9,Pratapgarh,173,665,690,680
2019-04-25,Potato,24,Uttar Pradesh,9,Pratapgarh,173,670,685,675
2019-04-24,Potato,24,Uttar Pradesh,9,Pratapgarh,173,670,690,680
2019-04-23,Potato,24,Uttar Pradesh,9,Pratapgarh,173,650,675,660
2019-04-22,Potato,24,Uttar Pradesh,9,Pratapgarh,173,650,670,665
2019-04-21,Potato,24,Uttar Pradesh,9,Pratapgarh,173,655,675,670
2019-04-20,Potato,24,Uttar Pradesh,9,Pratapgarh,173,650,675,665
2019-04-19,Potato,24,Uttar Pradesh,9,Pratapgarh,173,650,670,660
2019-04-18,Potato,24,Uttar Pradesh,9,Pratapgarh,173,650,670,660
2019-04-17,Potato,24,Uttar Pradesh,9,Pratapgarh,173,655,690,675
2019-04-16,Potato,24,Uttar Pradesh,9,Pratapgarh,173,655,685,675
2019-04-15,Potato,24,Uttar Pradesh,9,Pratapgarh,173,660,680,670
2019-04-14,Potato,24,Uttar Pradesh,9,Pratapgarh,173,670,685,675
2019-04-13,Potato,24,Uttar Pradesh,9,Pratapgarh,173,680,690,685
2019-04-12,Potato,24,Uttar Pradesh,9,Pratapgarh,173,670,690,680
2019-04-11,Potato,24,Uttar Pradesh,9,Pratapgarh,173,655,685,675
2019-04-10,Potato,24,Uttar Pradesh,9,Pratapgarh,173,665,690,680
2019-04-09,Potato,24,Uttar Pradesh,9,Pratapgarh,173,625,680,670
2019-04-08,Potato,24,Uttar Pradesh,9,Pratapgarh,173,655,685,675
2019-04-07,Potato,24,Uttar Pradesh,9,Pratapgarh,173,660,685,675
2019-04-06,Potato,24,Uttar Pradesh,9,Pratapgarh,173,615,635,625
2019-04-05,Potato,24,Uttar Pradesh,9,Pratapgarh,173,620,650,635
2019-04-04,Potato,24,Uttar Pradesh,9,Pratapgarh,173,620,640,630
2019-04-03,Potato,24,Uttar Pradesh,9,Pratapgarh,173,630,650,640
2019-04-02,Potato,24,Uttar Pradesh,9,Pratapgarh,173,640,670,660
2019-03-31,Potato,24,Uttar Pradesh,9,Pratapgarh,173,630,650,640
2019-03-30,Potato,24,Uttar Pradesh,9,Pratapgarh,173,620,645,630
2019-03-29,Potato,24,Uttar Pradesh,9,Pratapgarh,173,630,650,640
2019-03-28,Potato,24,Uttar Pradesh,9,Pratapgarh,173,640,660,650
2019-03-27,Potato,24,Uttar Pradesh,9,Pratapgarh,173,640,660,650
2019-03-26,Potato,24,Uttar Pradesh,9,Pratapgarh,173,620,650,635
2019-03-25,Potato,24,Uttar Pradesh,9,Pratapgarh,173,630,655,640
2019-03-24,Potato,24,Uttar Pradesh,9,Pratapgarh,173,635,670,650
2019-03-23,Potato,24,Uttar Pradesh,9,Pratapgarh,173,615,635,625
2019-03-22,Potato,24,Uttar Pradesh,9,Pratapgarh,173,615,640,630
2019-03-21,Potato,24,Uttar Pradesh,9,Pratapgarh,173,610,635,625
2019-03-20,Potato,24,Uttar Pradesh,9,Pratapgarh,173,610,630,620
2019-03-19,Potato,24,Uttar Pradesh,9,Pratapgarh,173,605,630,615
2019-03-18,Potato,24,Uttar Pradesh,9,Pratapgarh,173,600,630,620
2019-03-17,Potato,24,Uttar Pradesh,9,Pratapgarh,173,610,635,625
2019-03-16,Potato,24,Uttar Pradesh,9,Pratapgarh,173,610,630,620
2019-03-15,Potato,24,Uttar Pradesh,9,Pratapgarh,173,600,630,615
2019-03-14,Potato,24,Uttar Pradesh,9,Pratapgarh,173,610,640,625
2019-03-13,Potato,24,Uttar Pradesh,9,Pratapgarh,173,590,615,600
2019-03-12,Potato,24,Uttar Pradesh,9,Pratapgarh,173,600,620,610
2019-03-11,Potato,24,Uttar Pradesh,9,Pratapgarh,173,585,610,600
2019-03-10,Potato,24,Uttar Pradesh,9,Pratapgarh,173,600,615,610
2019-03-09,Potato,24,Uttar Pradesh,9,Pratapgarh,173,580,615,600
2019-03-08,Potato,24,Uttar Pradesh,9,Pratapgarh,173,600,620,610
2019-03-07,Potato,24,Uttar Pradesh,9,Pratapgarh,173,590,620,600
2019-03-06,Potato,24,Uttar Pradesh,9,Pratapgarh,173,580,600,590
2019-03-05,Potato,24,Uttar Pradesh,9,Pratapgarh,173,570,600,580
2019-03-04,Potato,24,Uttar Pradesh,9,Pratapgarh,173,570,585,575
2019-03-03,Potato,24,Uttar Pradesh,9,Pratapgarh,173,555,585,565
2019-03-02,Potato,24,Uttar Pradesh,9,Pratapgarh,173,540,575,550
2019-02-28,Potato,24,Uttar Pradesh,9,Pratapgarh,173,555,585,575
2019-02-27,Potato,24,Uttar Pradesh,9,Pratapgarh,173,540,565,555
2019-02-26,Potato,24,Uttar Pradesh,9,Pratapgarh,173,535,555,545
2019-02-25,Potato,24,Uttar Pradesh,9,Pratapgarh,173,530,560,545
2019-02-24,Potato,24,Uttar Pradesh,9,Pratapgarh,173,535,565,550
2019-02-23,Potato,24,Uttar Pradesh,9,Pratapgarh,173,540,560,550
2019-02-22,Potato,24,Uttar Pradesh,9,Pratapgarh,173,550,570,560
2019-02-21,Potato,24,Uttar Pradesh,9,Pratapgarh,173,550,580,570
2019-02-20,Potato,24,Uttar Pradesh,9,Pratapgarh,173,520,550,530
2019-02-19,Potato,24,Uttar Pradesh,9,Pratapgarh,173,520,550,530
2019-02-18,Potato,24,Uttar Pradesh,9,Pratapgarh,173,520,540,525
2019-02-17,Potato,24,Uttar Pradesh,9,Pratapgarh,173,520,545,530
2019-02-16,Potato,24,Uttar Pradesh,9,Pratapgarh,173,525,545,535
2019-02-15,Potato,24,Uttar Pradesh,9,Pratapgarh,173,515,540,525
2019-02-14,Potato,24,Uttar Pradesh,9,Pratapgarh,173,520,540,530
2019-02-13,Potato,24,Uttar Pradesh,9,Pratapgarh,173,515,540,530
2019-02-12,Potato,24,Uttar Pradesh,9,Pratapgarh,173,520,540,530
2019-02-11,Potato,24,Uttar Pradesh,9,Pratapgarh,173,525,545,535
2019-02-10,Potato,24,Uttar Pradesh,9,Pratapgarh,173,520,550,540
2019-02-09,Potato,24,Uttar Pradesh,9,Pratapgarh,173,520,555,540
2019-02-08,Potato,24,Uttar Pradesh,9,Pratapgarh,173,520,550,535
2019-02-07,Potato,24,Uttar Pradesh,9,Pratapgarh,173,520,540,530
2019-02-06,Potato,24,Uttar Pradesh,9,Pratapgarh,173,515,545,530
2019-02-05,Potato,24,Uttar Pradesh,9,Pratapgarh,173,520,540,530
2019-02-04,Potato,24,Uttar Pradesh,9,Pratapgarh,173,530,545,535
2019-02-03,Potato,24,Uttar Pradesh,9,Pratapgarh,173,525,555,540
2019-02-02,Potato,24,Uttar Pradesh,9,Pratapgarh,173,540,560,550
2019-01-31,Potato,24,Uttar Pradesh,9,Pratapgarh,173,530,550,540
2019-01-30,Potato,24,Uttar Pradesh,9,Pratapgarh,173,530,550,540
2019-01-29,Potato,24,Uttar Pradesh,9,Pratapgarh,173,540,560,550
2019-01-28,Potato,24,Uttar Pradesh,9,Pratapgarh,173,540,560,550
2019-01-27,Potato,24,Uttar Pradesh,9,Pratapgarh,173,560,580,570
2019-01-26,Potato,24,Uttar Pradesh,9,Pratapgarh,173,550,575,565
2019-01-25,Potato,24,Uttar Pradesh,9,Pratapgarh,173,560,580,570
2019-01-24,Potato,24,Uttar Pradesh,9,Pratapgarh,173,560,575,570
2019-01-23,Potato,24,Uttar Pradesh,9,Pratapgarh,173,560,580,570
2019-01-22,Potato,24,Uttar Pradesh,9,Pratapgarh,173,560,585,575
2019-01-21,Potato,24,Uttar Pradesh,9,Pratapgarh,173,570,590,580
2019-01-20,Potato,24,Uttar Pradesh,9,Pratapgarh,173,580,600,590
2019-01-19,Potato,24,Uttar Pradesh,9,Pratapgarh,173,575,600,585
2019-01-18,Potato,24,Uttar Pradesh,9,Pratapgarh,173,550,600,580
2019-01-17,Potato,24,Uttar Pradesh,9,Pratapgarh,173,580,610,590
2019-01-16,Potato,24,Uttar Pradesh,9,Pratapgarh,173,580,610,600
2019-01-15,Potato,24,Uttar Pradesh,9,Pratapgarh,173,585,615,600
2019-01-13,Potato,24,Uttar Pradesh,9,Pratapgarh,173,600,620,610
2019-01-12,Potato,24,Uttar Pradesh,9,Pratapgarh,173,610,630,620
2019-01-11,Potato,24,Uttar Pradesh,9,Pratapgarh,173,600,625,610
2019-01-09,Potato,24,Uttar Pradesh,9,Pratapgarh,173,610,635,625
2019-01-08,Potato,24,Uttar Pradesh,9,Pratapgarh,173,645,670,660
2019-01-07,Potato,24,Uttar Pradesh,9,Pratapgarh,173,650,680,675
2019-01-06,Potato,24,Uttar Pradesh,9,Pratapgarh,173,670,690,680
2019-01-05,Potato,24,Uttar Pradesh,9,Pratapgarh,173,660,685,675
2019-01-04,Potato,24,Uttar Pradesh,9,Pratapgarh,173,660,685,670
2019-01-03,Potato,24,Uttar Pradesh,9,Pratapgarh,173,650,700,690
2019-01-02,Potato,24,Uttar Pradesh,9,Pratapgarh,173,890,920,900
2018-12-31,Potato,24,Uttar Pradesh,9,Pratapgarh,173,900,920,910
2018-12-30,Potato,24,Uttar Pradesh,9,Pratapgarh,173,910,935,925
2018-12-29,Potato,24,Uttar Pradesh,9,Pratapgarh,173,940,960,950
2018-12-28,Potato,24,Uttar Pradesh,9,Pratapgarh,173,950,990,980
2018-12-27,Potato,24,Uttar Pradesh,9,Pratapgarh,173,960,985,975
2018-12-26,Potato,24,Uttar Pradesh,9,Pratapgarh,173,955,985,970
2018-12-25,Potato,24,Uttar Pradesh,9,Pratapgarh,173,940,960,950
2018-12-24,Potato,24,Uttar Pradesh,9,Pratapgarh,173,955,985,970
2018-12-23,Potato,24,Uttar Pradesh,9,Pratapgarh,173,970,990,980
2018-12-22,Potato,24,Uttar Pradesh,9,Pratapgarh,173,960,980,970
2018-12-21,Potato,24,Uttar Pradesh,9,Pratapgarh,173,960,980,965
2018-12-20,Potato,24,Uttar Pradesh,9,Pratapgarh,173,955,980,970
2018-12-19,Potato,24,Uttar Pradesh,9,Pratapgarh,173,960,980,975
2018-12-18,Potato,24,Uttar Pradesh,9,Pratapgarh,173,950,975,960
2018-12-17,Potato,24,Uttar Pradesh,9,Pratapgarh,173,960,985,975
2018-12-16,Potato,24,Uttar Pradesh,9,Pratapgarh,173,955,980,970
2018-12-15,Potato,24,Uttar Pradesh,9,Pratapgarh,173,940,960,950
2018-12-14,Potato,24,Uttar Pradesh,9,Pratapgarh,173,950,970,960
2018-12-13,Potato,24,Uttar Pradesh,9,Pratapgarh,173,935,965,950
2018-12-12,Potato,24,Uttar Pradesh,9,Pratapgarh,173,900,950,910
2018-12-11,Potato,24,Uttar Pradesh,9,Pratapgarh,173,880,925,900
2018-12-10,Potato,24,Uttar Pradesh,9,Pratapgarh,173,940,965,950
2018-12-09,Potato,24,Uttar Pradesh,9,Pratapgarh,173,1200,1220,1210
2018-12-08,Potato,24,Uttar Pradesh,9,Pratapgarh,173,1175,1210,1190
2018-12-07,Potato,24,Uttar Pradesh,9,Pratapgarh,173,1180,1220,1200
2018-12-06,Potato,24,Uttar Pradesh,9,Pratapgarh,173,1200,1220,1210
2018-12-05,Potato,24,Uttar Pradesh,9,Pratapgarh,173,1180,1210,1190
2018-12-04,Potato,24,Uttar Pradesh,9,Pratapgarh,173,1165,1195,1180
2018-12-03,Potato,24,Uttar Pradesh,9,Pratapgarh,173,1175,1195,1185
2018-12-02,Potato,24,Uttar Pradesh,9,Pratapgarh,173,1170,1195,1180
2018-11-30,Potato,24,Uttar Pradesh,9,Pratapgarh,173,1180,1210,1190
2018-11-29,Potato,24,Uttar Pradesh,9,Pratapgarh,173,1200,1215,1210
2018-11-28,Potato,24,Uttar Pradesh,9,Pratapgarh,173,1200,1220,1215
2018-11-27,Potato,24,Uttar Pradesh,9,Pratapgarh,173,1210,1230,1220
2018-11-26,Potato,24,Uttar Pradesh,9,Pratapgarh,173,1200,1220,1210
2018-11-25,Potato,24,Uttar Pradesh,9,Pratapgarh,173,1230,1260,1250
2018-11-24,Potato,24,Uttar Pradesh,9,Pratapgarh,173,1200,1220,1210
2018-11-23,Potato,24,Uttar Pradesh,9,Pratapgarh,173,1200,1235,1225
2018-11-22,Potato,24,Uttar Pradesh,9,Pratapgarh,173,1210,1235,1225
2018-11-21,Potato,24,Uttar Pradesh,9,Pratapgarh,173,1210,1230,1220
2018-11-20,Potato,24,Uttar Pradesh,9,Pratapgarh,173,1210,1240,1225
2018-11-19,Potato,24,Uttar Pradesh,9,Pratapgarh,173,1210,1250,1230
2018-11-17,Potato,24,Uttar Pradesh,9,Pratapgarh,173,1210,1235,1225
2018-11-16,Potato,24,Uttar Pradesh,9,Pratapgarh,173,1210,1235,1225
2018-11-15,Potato,24,Uttar Pradesh,9,Pratapgarh,173,1215,1245,1230
2018-11-14,Potato,24,Uttar Pradesh,9,Pratapgarh,173,1230,1250,1240
2018-11-13,Potato,24,Uttar Pradesh,9,Pratapgarh,173,1235,1265,1250
2018-11-12,Potato,24,Uttar Pradesh,9,Pratapgarh,173,1215,1245,1230
2018-11-11,Potato,24,Uttar Pradesh,9,Pratapgarh,173,1225,1255,1240
2018-11-10,Potato,24,Uttar Pradesh,9,Pratapgarh,173,1220,1240,1230
2018-11-09,Potato,24,Uttar Pradesh,9,Pratapgarh,173,1225,1250,1240
2018-11-08,Potato,24,Uttar Pradesh,9,Pratapgarh,173,1210,1240,1225
2018-11-07,Potato,24,Uttar Pradesh,9,Pratapgarh,173,1220,1240,1230
2018-11-06,Potato,24,Uttar Pradesh,9,Pratapgarh,173,1240,1265,1255
2018-11-05,Potato,24,Uttar Pradesh,9,Pratapgarh,173,1230,1250,1240
2018-11-04,Potato,24,Uttar Pradesh,9,Pratapgarh,173,1225,1255,1235
2018-11-03,Potato,24,Uttar Pradesh,9,Pratapgarh,173,1220,1280,1250
2018-11-02,Potato,24,Uttar Pradesh,9,Pratapgarh,173,1225,1255,1240
2018-10-31,Potato,24,Uttar Pradesh,9,Pratapgarh,173,1240,1260,1250
2018-10-30,Potato,24,Uttar Pradesh,9,Pratapgarh,173,1230,1250,1240
2018-10-29,Potato,24,Uttar Pradesh,9,Pratapgarh,173,1210,1250,1235
2018-10-28,Potato,24,Uttar Pradesh,9,Pratapgarh,173,1230,1255,1240
2018-10-27,Potato,24,Uttar Pradesh,9,Pratapgarh,173,1250,1270,1260
2018-10-26,Potato,24,Uttar Pradesh,9,Pratapgarh,173,1240,1260,1250
2018-10-25,Potato,24,Uttar Pradesh,9,Pratapgarh,173,1240,1260,1250
2018-10-24,Potato,24,Uttar Pradesh,9,Pratapgarh,173,1230,1255,1240
2018-10-23,Potato,24,Uttar Pradesh,9,Pratapgarh,173,1220,1250,1235
2018-10-22,Potato,24,Uttar Pradesh,9,Pratapgarh,173,1235,1260,1245
2018-10-21,Potato,24,Uttar Pradesh,9,Pratapgarh,173,1220,1250,1240
2018-10-20,Potato,24,Uttar Pradesh,9,Pratapgarh,173,1240,1260,1250
2018-10-19,Potato,24,Uttar Pradesh,9,Pratapgarh,173,1230,1255,1245
2018-10-18,Potato,24,Uttar Pradesh,9,Pratapgarh,173,1235,1260,1250
2018-10-17,Potato,24,Uttar Pradesh,9,Pratapgarh,173,230,260,245
2018-10-16,Potato,24,Uttar Pradesh,9,Pratapgarh,173,1210,1245,1230
2018-10-15,Potato,24,Uttar Pradesh,9,Pratapgarh,173,1230,1255,1240
2018-10-14,Potato,24,Uttar Pradesh,9,Pratapgarh,173,1220,1245,1235
2018-10-13,Potato,24,Uttar Pradesh,9,Pratapgarh,173,1225,1250,1240
2018-10-12,Potato,24,Uttar Pradesh,9,Pratapgarh,173,1235,1260,1250
2018-10-11,Potato,24,Uttar Pradesh,9,Pratapgarh,173,1225,1250,1240
2018-10-10,Potato,24,Uttar Pradesh,9,Pratapgarh,173,1220,1240,1230
2018-10-09,Potato,24,Uttar Pradesh,9,Pratapgarh,173,1220,1245,1235
2018-10-08,Potato,24,Uttar Pradesh,9,Pratapgarh,173,1205,1230,1220
2018-10-07,Potato,24,Uttar Pradesh,9,Pratapgarh,173,1230,1260,1245
2018-10-06,Potato,24,Uttar Pradesh,9,Pratapgarh,173,1225,1250,1240
2018-10-05,Potato,24,Uttar Pradesh,9,Pratapgarh,173,1215,1245,1230
2018-10-04,Potato,24,Uttar Pradesh,9,Pratapgarh,173,1220,1240,1230
2018-10-03,Potato,24,Uttar Pradesh,9,Pratapgarh,173,1210,1240,1225
2018-10-02,Potato,24,Uttar Pradesh,9,Pratapgarh,173,1210,1235,1220
2018-09-30,Potato,24,Uttar Pradesh,9,Pratapgarh,173,1240,1265,1255
2018-09-29,Potato,24,Uttar Pradesh,9,Pratapgarh,173,1250,1270,1260
2018-09-28,Potato,24,Uttar Pradesh,9,Pratapgarh,173,1250,1275,1265
2018-09-27,Potato,24,Uttar Pradesh,9,Pratapgarh,173,1255,1285,1275
2018-09-26,Potato,24,Uttar Pradesh,9,Pratapgarh,173,1260,1280,1270
2018-09-25,Potato,24,Uttar Pradesh,9,Pratapgarh,173,1255,1285,1275
2018-09-24,Potato,24,Uttar Pradesh,9,Pratapgarh,173,1270,1295,1280
2018-09-23,Potato,24,Uttar Pradesh,9,Pratapgarh,173,1280,1310,1290
2018-09-22,Potato,24,Uttar Pradesh,9,Pratapgarh,173,1265,1300,1280
2018-09-21,Potato,24,Uttar Pradesh,9,Pratapgarh,173,1255,1280,1270
2018-09-20,Potato,24,Uttar Pradesh,9,Pratapgarh,173,1250,1270,1260
2018-09-19,Potato,24,Uttar Pradesh,9,Pratapgarh,173,1230,1260,1250
2018-09-18,Potato,24,Uttar Pradesh,9,Pratapgarh,173,1235,1255,1245
2018-09-17,Potato,24,Uttar Pradesh,9,Pratapgarh,173,1230,1250,1240
2018-09-16,Potato,24,Uttar Pradesh,9,Pratapgarh,173,1235,1260,1240
2018-09-15,Potato,24,Uttar Pradesh,9,Pratapgarh,173,1240,1260,1250
2018-09-14,Potato,24,Uttar Pradesh,9,Pratapgarh,173,1235,1255,1240
2018-09-13,Potato,24,Uttar Pradesh,9,Pratapgarh,173,1220,1255,1240
2018-09-12,Potato,24,Uttar Pradesh,9,Pratapgarh,173,1215,1255,1240
2018-09-11,Potato,24,Uttar Pradesh,9,Pratapgarh,173,1220,1245,1235
2018-09-10,Potato,24,Uttar Pradesh,9,Pratapgarh,173,1240,1265,1250
2018-09-09,Potato,24,Uttar Pradesh,9,Pratapgarh,173,1250,1275,1260
2018-09-08,Potato,24,Uttar Pradesh,9,Pratapgarh,173,1240,1260,1250
2018-09-07,Potato,24,Uttar Pradesh,9,Pratapgarh,173,1240,1265,1250
2018-09-06,Potato,24,Uttar Pradesh,9,Pratapgarh,173,1240,1265,1255
2018-09-05,Potato,24,Uttar Pradesh,9,Pratapgarh,173,1250,1270,1260
2018-09-04,Potato,24,Uttar Pradesh,9,Pratapgarh,173,1260,1280,1270
2018-09-03,Potato,24,Uttar Pradesh,9,Pratapgarh,173,1260,1285,1275
2018-09-02,Potato,24,Uttar Pradesh,9,Pratapgarh,173,1270,1290,1280
2018-08-31,Potato,24,Uttar Pradesh,9,Pratapgarh,173,1250,1300,1280
2018-08-30,Potato,24,Uttar Pradesh,9,Pratapgarh,173,1250,1270,1260
2018-08-29,Potato,24,Uttar Pradesh,9,Pratapgarh,173,1270,1280,1275
2018-08-28,Potato,24,Uttar Pradesh,9,Pratapgarh,173,1260,1280,1270
2018-08-27,Potato,24,Uttar Pradesh,9,Pratapgarh,173,1250,1275,1265
2018-08-26,Potato,24,Uttar Pradesh,9,Pratapgarh,173,1245,1270,1260
2018-08-25,Potato,24,Uttar Pradesh,9,Pratapgarh,173,1255,1285,1275
2018-08-24,Potato,24,Uttar Pradesh,9,Pratapgarh,173,1255,1280,1270
2018-08-23,Potato,24,Uttar Pradesh,9,Pratapgarh,173,1250,1270,1260
2018-08-22,Potato,24,Uttar Pradesh,9,Pratapgarh,173,1240,1265,1250
2018-08-21,Potato,24,Uttar Pradesh,9,Pratapgarh,173,1240,1265,1250
2018-08-20,Potato,24,Uttar Pradesh,9,Pratapgarh,173,1245,1275,1260
2018-08-19,Potato,24,Uttar Pradesh,9,Pratapgarh,173,1245,1270,1260
2018-08-18,Potato,24,Uttar Pradesh,9,Pratapgarh,173,1230,1275,1250
2018-08-17,Potato,24,Uttar Pradesh,9,Pratapgarh,173,1275,1320,1300
2018-08-16,Potato,24,Uttar Pradesh,9,Pratapgarh,173,1275,1300,1290
2018-08-15,Potato,24,Uttar Pradesh,9,Pratapgarh,173,1290,1320,1300
2018-08-14,Potato,24,Uttar Pradesh,9,Pratapgarh,173,1300,1325,1315
2018-08-13,Potato,24,Uttar Pradesh,9,Pratapgarh,173,1300,1350,1325
2018-08-12,Potato,24,Uttar Pradesh,9,Pratapgarh,173,1300,1320,1310
2018-08-11,Potato,24,Uttar Pradesh,9,Pratapgarh,173,1300,1315,1305
2018-08-10,Potato,24,Uttar Pradesh,9,Pratapgarh,173,1285,1310,1300
2018-08-09,Potato,24,Uttar Pradesh,9,Pratapgarh,173,1275,1300,1290
2018-08-08,Potato,24,Uttar Pradesh,9,Pratapgarh,173,1270,1295,1285
2018-08-07,Potato,24,Uttar Pradesh,9,Pratapgarh,173,1280,1300,1290
2018-08-06,Potato,24,Uttar Pradesh,9,Pratapgarh,173,1265,1285,1275
2018-08-05,Potato,24,Uttar Pradesh,9,Pratapgarh,173,1260,1280,1270
2018-08-04,Potato,24,Uttar Pradesh,9,Pratapgarh,173,1265,1290,1280
2018-08-03,Potato,24,Uttar Pradesh,9,Pratapgarh,173,1265,1285,1275
2018-08-02,Potato,24,Uttar Pradesh,9,Pratapgarh,173,1250,1275,1265
2018-07-31,Potato,24,Uttar Pradesh,9,Pratapgarh,173,1260,1285,1270
2018-07-30,Potato,24,Uttar Pradesh,9,Pratapgarh,173,1265,1290,1275
2018-07-29,Potato,24,Uttar Pradesh,9,Pratapgarh,173,1250,1275,1265
2018-07-28,Potato,24,Uttar Pradesh,9,Pratapgarh,173,1265,1290,1280
2018-07-27,Potato,24,Uttar Pradesh,9,Pratapgarh,173,1250,1270,1260
2018-07-26,Potato,24,Uttar Pradesh,9,Pratapgarh,173,1240,1260,1250
2018-07-25,Potato,24,Uttar Pradesh,9,Pratapgarh,173,1250,1270,1260
2018-07-24,Potato,24,Uttar Pradesh,9,Pratapgarh,173,1240,1265,1255
2018-07-23,Potato,24,Uttar Pradesh,9,Pratapgarh,173,1250,1275,1265
2018-07-22,Potato,24,Uttar Pradesh,9,Pratapgarh,173,1255,1280,1270
2018-07-21,Potato,24,Uttar Pradesh,9,Pratapgarh,173,1270,1290,1280
2018-07-20,Potato,24,Uttar Pradesh,9,Pratapgarh,173,1260,1285,1275
2018-07-19,Potato,24,Uttar Pradesh,9,Pratapgarh,173,1260,1280,1270
2018-07-18,Potato,24,Uttar Pradesh,9,Pratapgarh,173,1280,1300,1290
2018-07-17,Potato,24,Uttar Pradesh,9,Pratapgarh,173,1260,1300,1285
2018-07-16,Potato,24,Uttar Pradesh,9,Pratapgarh,173,1275,1300,1290
2018-07-15,Potato,24,Uttar Pradesh,9,Pratapgarh,173,1270,1295,1285
2018-07-14,Potato,24,Uttar Pradesh,9,Pratapgarh,173,1265,1285,1275
2018-07-13,Potato,24,Uttar Pradesh,9,Pratapgarh,173,1275,1305,1290
2018-07-12,Potato,24,Uttar Pradesh,9,Pratapgarh,173,1280,1310,1290
2018-07-11,Potato,24,Uttar Pradesh,9,Pratapgarh,173,1275,1295,1285
2018-07-10,Potato,24,Uttar Pradesh,9,Pratapgarh,173,1265,1285,1275
2018-07-09,Potato,24,Uttar Pradesh,9,Pratapgarh,173,1280,1300,1290
2018-07-08,Potato,24,Uttar Pradesh,9,Pratapgarh,173,1270,1295,1280
2018-07-07,Potato,24,Uttar Pradesh,9,Pratapgarh,173,1270,1295,1285
2018-07-06,Potato,24,Uttar Pradesh,9,Pratapgarh,173,1265,1300,1280
2018-07-05,Potato,24,Uttar Pradesh,9,Pratapgarh,173,1250,1290,1275
2018-07-04,Potato,24,Uttar Pradesh,9,Pratapgarh,173,1300,1325,1315
2018-07-03,Potato,24,Uttar Pradesh,9,Pratapgarh,173,1300,1320,1310
2018-07-02,Potato,24,Uttar Pradesh,9,Pratapgarh,173,1270,1290,1280
2018-06-27,Potato,24,Uttar Pradesh,9,Pratapgarh,173,1270,1290,1280
2018-06-26,Potato,24,Uttar Pradesh,9,Pratapgarh,173,1300,1320,1310
2018-06-25,Potato,24,Uttar Pradesh,9,Pratapgarh,173,1265,1310,1300
2018-06-23,Potato,24,Uttar Pradesh,9,Pratapgarh,173,1270,1300,1290
2018-06-22,Potato,24,Uttar Pradesh,9,Pratapgarh,173,1285,1320,1300
2018-06-21,Potato,24,Uttar Pradesh,9,Pratapgarh,173,1300,1325,1310
2018-06-20,Potato,24,Uttar Pradesh,9,Pratapgarh,173,1285,1315,1300
2018-06-19,Potato,24,Uttar Pradesh,9,Pratapgarh,173,1280,1315,1300
2018-06-18,Potato,24,Uttar Pradesh,9,Pratapgarh,173,1250,1275,1265
2018-06-17,Potato,24,Uttar Pradesh,9,Pratapgarh,173,1240,1260,1250
2018-06-16,Potato,24,Uttar Pradesh,9,Pratapgarh,173,1240,1265,1250
2018-06-15,Potato,24,Uttar Pradesh,9,Pratapgarh,173,1260,1280,1270
2018-06-14,Potato,24,Uttar Pradesh,9,Pratapgarh,173,1255,1300,1285
2018-06-13,Potato,24,Uttar Pradesh,9,Pratapgarh,173,1255,1285,1275
2018-06-12,Potato,24,Uttar Pradesh,9,Pratapgarh,173,1250,1285,1270
2018-06-11,Potato,24,Uttar Pradesh,9,Pratapgarh,173,1265,1290,1280
2018-06-10,Potato,24,Uttar Pradesh,9,Pratapgarh,173,1250,1300,1280
2018-06-09,Potato,24,Uttar Pradesh,9,Pratapgarh,173,1270,1300,1290
2018-06-08,Potato,24,Uttar Pradesh,9,Pratapgarh,173,1285,1325,1300
2018-06-07,Potato,24,Uttar Pradesh,9,Pratapgarh,173,1280,1315,1300
2018-06-06,Potato,24,Uttar Pradesh,9,Pratapgarh,173,1300,1320,1310
2018-06-05,Potato,24,Uttar Pradesh,9,Pratapgarh,173,1280,1320,1300
2018-06-04,Potato,24,Uttar Pradesh,9,Pratapgarh,173,1285,1315,1300
2018-06-03,Potato,24,Uttar Pradesh,9,Pratapgarh,173,1260,1300,1280
2018-06-02,Potato,24,Uttar Pradesh,9,Pratapgarh,173,1250,1300,1285
2018-05-31,Potato,24,Uttar Pradesh,9,Pratapgarh,173,1290,1320,1300
2018-05-30,Potato,24,Uttar Pradesh,9,Pratapgarh,173,1300,1320,1310
2018-05-29,Potato,24,Uttar Pradesh,9,Pratapgarh,173,1275,1300,1290
2018-05-28,Potato,24,Uttar Pradesh,9,Pratapgarh,173,1290,1320,1300
2018-05-27,Potato,24,Uttar Pradesh,9,Pratapgarh,173,1250,1300,1290
2018-05-26,Potato,24,Uttar Pradesh,9,Pratapgarh,173,1250,1300,1280
2018-05-25,Potato,24,Uttar Pradesh,9,Pratapgarh,173,1250,1320,1300
2018-05-24,Potato,24,Uttar Pradesh,9,Pratapgarh,173,1325,1365,1350
2018-05-23,Potato,24,Uttar Pradesh,9,Pratapgarh,173,1315,1335,1325
2018-05-22,Potato,24,Uttar Pradesh,9,Pratapgarh,173,1320,1350,1340
2018-05-21,Potato,24,Uttar Pradesh,9,Pratapgarh,173,1350,1375,1360
2018-05-20,Potato,24,Uttar Pradesh,9,Pratapgarh,173,1300,1335,1325
2018-05-19,Potato,24,Uttar Pradesh,9,Pratapgarh,173,1310,1350,1330
2018-05-18,Potato,24,Uttar Pradesh,9,Pratapgarh,173,1320,1355,1340
2018-05-17,Potato,24,Uttar Pradesh,9,Pratapgarh,173,1300,1350,1325
2018-05-16,Potato,24,Uttar Pradesh,9,Pratapgarh,173,1325,1365,1350
2018-05-15,Potato,24,Uttar Pradesh,9,Pratapgarh,173,1315,1340,1330
2018-05-14,Potato,24,Uttar Pradesh,9,Pratapgarh,173,1325,1350,1340
2018-05-13,Potato,24,Uttar Pradesh,9,Pratapgarh,173,1350,1380,1365
2018-05-12,Potato,24,Uttar Pradesh,9,Pratapgarh,173,1325,1380,1350
2018-05-11,Potato,24,Uttar Pradesh,9,Pratapgarh,173,1325,1375,1350
2018-05-10,Potato,24,Uttar Pradesh,9,Pratapgarh,173,1320,1350,1340
2018-05-09,Potato,24,Uttar Pradesh,9,Pratapgarh,173,1325,1370,1350
2018-05-08,Potato,24,Uttar Pradesh,9,Pratapgarh,173,1355,1385,1375
2018-05-07,Potato,24,Uttar Pradesh,9,Pratapgarh,173,1350,1380,1360
2018-05-06,Potato,24,Uttar Pradesh,9,Pratapgarh,173,1350,1385,1370
2018-05-05,Potato,24,Uttar Pradesh,9,Pratapgarh,173,1350,1390,1375
2018-05-04,Potato,24,Uttar Pradesh,9,Pratapgarh,173,1400,1425,1410
2018-05-03,Potato,24,Uttar Pradesh,9,Pratapgarh,173,1340,1375,1350
2018-05-02,Potato,24,Uttar Pradesh,9,Pratapgarh,173,1200,1220,1210
2018-04-30,Potato,24,Uttar Pradesh,9,Pratapgarh,173,1050,1120,1100
2018-04-29,Potato,24,Uttar Pradesh,9,Pratapgarh,173,1070,1090,1080
2018-04-28,Potato,24,Uttar Pradesh,9,Pratapgarh,173,1075,1095,1085
2018-04-27,Potato,24,Uttar Pradesh,9,Pratapgarh,173,1050,1085,1070
2018-04-26,Potato,24,Uttar Pradesh,9,Pratapgarh,173,1040,1070,1050
2018-04-25,Potato,24,Uttar Pradesh,9,Pratapgarh,173,1000,1020,1010
2018-04-24,Potato,24,Uttar Pradesh,9,Pratapgarh,173,1000,1025,1010
2018-04-21,Potato,24,Uttar Pradesh,9,Pratapgarh,173,960,985,975
2018-04-20,Potato,24,Uttar Pradesh,9,Pratapgarh,173,950,975,965
2018-04-19,Potato,24,Uttar Pradesh,9,Pratapgarh,173,950,975,960
2018-04-18,Potato,24,Uttar Pradesh,9,Pratapgarh,173,930,970,950
2018-04-17,Potato,24,Uttar Pradesh,9,Pratapgarh,173,925,975,950
2018-04-16,Potato,24,Uttar Pradesh,9,Pratapgarh,173,900,940,920
2018-04-15,Potato,24,Uttar Pradesh,9,Pratapgarh,173,890,915,905
2018-04-14,Potato,24,Uttar Pradesh,9,Pratapgarh,173,885,915,900
2018-04-13,Potato,24,Uttar Pradesh,9,Pratapgarh,173,920,970,950
2018-04-12,Potato,24,Uttar Pradesh,9,Pratapgarh,173,880,930,900
2018-04-11,Potato,24,Uttar Pradesh,9,Pratapgarh,173,890,920,900
2018-04-10,Potato,24,Uttar Pradesh,9,Pratapgarh,173,870,900,890
2018-04-09,Potato,24,Uttar Pradesh,9,Pratapgarh,173,850,870,860
2018-04-08,Potato,24,Uttar Pradesh,9,Pratapgarh,173,850,875,865
2018-04-07,Potato,24,Uttar Pradesh,9,Pratapgarh,173,870,890,880
2018-04-06,Potato,24,Uttar Pradesh,9,Pratapgarh,173,850,890,870
2018-04-05,Potato,24,Uttar Pradesh,9,Pratapgarh,173,850,885,875
2018-04-04,Potato,24,Uttar Pradesh,9,Pratapgarh,173,850,900,880
2018-04-03,Potato,24,Uttar Pradesh,9,Pratapgarh,173,880,915,900
2018-04-02,Potato,24,Uttar Pradesh,9,Pratapgarh,173,865,900,885
2018-03-31,Potato,24,Uttar Pradesh,9,Pratapgarh,173,850,885,870
2018-03-30,Potato,24,Uttar Pradesh,9,Pratapgarh,173,855,890,875
2018-03-29,Potato,24,Uttar Pradesh,9,Pratapgarh,173,870,890,880
2018-03-28,Potato,24,Uttar Pradesh,9,Pratapgarh,173,855,880,870
2018-03-27,Potato,24,Uttar Pradesh,9,Pratapgarh,173,850,875,865
2018-03-26,Potato,24,Uttar Pradesh,9,Pratapgarh,173,825,865,855
2018-03-25,Potato,24,Uttar Pradesh,9,Pratapgarh,173,850,875,860
2018-03-24,Potato,24,Uttar Pradesh,9,Pratapgarh,173,855,875,865
2018-03-23,Potato,24,Uttar Pradesh,9,Pratapgarh,173,835,870,850
2018-03-22,Potato,24,Uttar Pradesh,9,Pratapgarh,173,700,750,720
2018-03-21,Potato,24,Uttar Pradesh,9,Pratapgarh,173,600,650,625
2018-03-20,Potato,24,Uttar Pradesh,9,Pratapgarh,173,570,600,585
2018-03-19,Potato,24,Uttar Pradesh,9,Pratapgarh,173,570,590,580
2018-03-17,Potato,24,Uttar Pradesh,9,Pratapgarh,173,570,600,585
2018-03-16,Potato,24,Uttar Pradesh,9,Pratapgarh,173,565,585,575
2018-03-14,Potato,24,Uttar Pradesh,9,Pratapgarh,173,560,580,570
2018-03-13,Potato,24,Uttar Pradesh,9,Pratapgarh,173,550,570,560
2018-03-12,Potato,24,Uttar Pradesh,9,Pratapgarh,173,540,560,550
2018-03-11,Potato,24,Uttar Pradesh,9,Pratapgarh,173,540,560,550
2018-03-10,Potato,24,Uttar Pradesh,9,Pratapgarh,173,545,565,555
2018-03-09,Potato,24,Uttar Pradesh,9,Pratapgarh,173,550,575,560
2018-03-08,Potato,24,Uttar Pradesh,9,Pratapgarh,173,550,570,560
2018-03-07,Potato,24,Uttar Pradesh,9,Pratapgarh,173,545,565,555
2018-03-06,Potato,24,Uttar Pradesh,9,Pratapgarh,173,550,570,560
2018-03-05,Potato,24,Uttar Pradesh,9,Pratapgarh,173,545,565,555
2018-03-04,Potato,24,Uttar Pradesh,9,Pratapgarh,173,540,560,550
2018-03-03,Potato,24,Uttar Pradesh,9,Pratapgarh,173,545,565,555
2018-03-02,Potato,24,Uttar Pradesh,9,Pratapgarh,173,540,560,550
2018-02-28,Potato,24,Uttar Pradesh,9,Pratapgarh,173,550,575,565
2018-02-27,Potato,24,Uttar Pradesh,9,Pratapgarh,173,550,570,560
2018-02-26,Potato,24,Uttar Pradesh,9,Pratapgarh,173,540,560,550
2018-02-25,Potato,24,Uttar Pradesh,9,Pratapgarh,173,550,570,560
2018-02-24,Potato,24,Uttar Pradesh,9,Pratapgarh,173,545,565,555
2018-02-23,Potato,24,Uttar Pradesh,9,Pratapgarh,173,540,560,550
2018-02-22,Potato,24,Uttar Pradesh,9,Pratapgarh,173,540,560,550
2018-02-21,Potato,24,Uttar Pradesh,9,Pratapgarh,173,550,575,565
2018-02-20,Potato,24,Uttar Pradesh,9,Pratapgarh,173,550,575,560
2018-02-19,Potato,24,Uttar Pradesh,9,Pratapgarh,173,545,565,555
2018-02-18,Potato,24,Uttar Pradesh,9,Pratapgarh,173,550,570,560
2018-02-17,Potato,24,Uttar Pradesh,9,Pratapgarh,173,545,565,555
2018-02-16,Potato,24,Uttar Pradesh,9,Pratapgarh,173,540,560,550
2018-02-15,Potato,24,Uttar Pradesh,9,Pratapgarh,173,540,560,550
2018-02-14,Potato,24,Uttar Pradesh,9,Pratapgarh,173,555,585,575
2018-02-13,Potato,24,Uttar Pradesh,9,Pratapgarh,173,555,580,570
2018-02-12,Potato,24,Uttar Pradesh,9,Pratapgarh,173,550,575,565
2018-02-11,Potato,24,Uttar Pradesh,9,Pratapgarh,173,550,575,565
2018-02-10,Potato,24,Uttar Pradesh,9,Pratapgarh,173,550,570,560
2018-02-09,Potato,24,Uttar Pradesh,9,Pratapgarh,173,540,560,550
2018-02-08,Potato,24,Uttar Pradesh,9,Pratapgarh,173,540,560,550
2018-02-07,Potato,24,Uttar Pradesh,9,Pratapgarh,173,540,560,550
2018-02-06,Potato,24,Uttar Pradesh,9,Pratapgarh,173,550,570,560
2018-02-05,Potato,24,Uttar Pradesh,9,Pratapgarh,173,550,570,560
2018-02-04,Potato,24,Uttar Pradesh,9,Pratapgarh,173,550,575,565
2018-02-03,Potato,24,Uttar Pradesh,9,Pratapgarh,173,550,575,565
2018-02-02,Potato,24,Uttar Pradesh,9,Pratapgarh,173,550,570,560
2018-01-31,Potato,24,Uttar Pradesh,9,Pratapgarh,173,555,585,575
2018-01-30,Potato,24,Uttar Pradesh,9,Pratapgarh,173,550,580,570
2018-01-29,Potato,24,Uttar Pradesh,9,Pratapgarh,173,565,590,580
2018-01-28,Potato,24,Uttar Pradesh,9,Pratapgarh,173,550,575,565
2018-01-27,Potato,24,Uttar Pradesh,9,Pratapgarh,173,560,600,580
2018-01-26,Potato,24,Uttar Pradesh,9,Pratapgarh,173,560,585,575
2018-01-25,Potato,24,Uttar Pradesh,9,Pratapgarh,173,550,585,570
2018-01-23,Potato,24,Uttar Pradesh,9,Pratapgarh,173,540,560,550
2018-01-22,Potato,24,Uttar Pradesh,9,Pratapgarh,173,550,585,575
2018-01-21,Potato,24,Uttar Pradesh,9,Pratapgarh,173,550,585,575
2018-01-20,Potato,24,Uttar Pradesh,9,Pratapgarh,173,550,585,575
2018-01-19,Potato,24,Uttar Pradesh,9,Pratapgarh,173,560,585,575
2018-01-18,Potato,24,Uttar Pradesh,9,Pratapgarh,173,555,600,580
2018-01-17,Potato,24,Uttar Pradesh,9,Pratapgarh,173,565,595,580
2018-01-16,Potato,24,Uttar Pradesh,9,Pratapgarh,173,575,600,590
2018-01-15,Potato,24,Uttar Pradesh,9,Pratapgarh,173,550,600,580
2018-01-14,Potato,24,Uttar Pradesh,9,Pratapgarh,173,560,600,585
2018-01-13,Potato,24,Uttar Pradesh,9,Pratapgarh,173,575,600,590
2018-01-12,Potato,24,Uttar Pradesh,9,Pratapgarh,173,590,615,600
2018-01-11,Potato,24,Uttar Pradesh,9,Pratapgarh,173,585,615,600
2018-01-10,Potato,24,Uttar Pradesh,9,Pratapgarh,173,565,595,580
2018-01-09,Potato,24,Uttar Pradesh,9,Pratapgarh,173,540,560,550
2018-01-08,Potato,24,Uttar Pradesh,9,Pratapgarh,173,540,565,550
2018-01-07,Potato,24,Uttar Pradesh,9,Pratapgarh,173,545,565,555
2018-01-06,Potato,24,Uttar Pradesh,9,Pratapgarh,173,540,565,550
2018-01-05,Potato,24,Uttar Pradesh,9,Pratapgarh,173,540,560,550
2018-01-04,Potato,24,Uttar Pradesh,9,Pratapgarh,173,550,570,560
2018-01-03,Potato,24,Uttar Pradesh,9,Pratapgarh,173,550,575,565
2018-01-02,Potato,24,Uttar Pradesh,9,Pratapgarh,173,550,570,560
2017-12-31,Potato,24,Uttar Pradesh,9,Pratapgarh,173,555,575,565
2017-12-30,Potato,24,Uttar Pradesh,9,Pratapgarh,173,555,580,570
2017-12-29,Potato,24,Uttar Pradesh,9,Pratapgarh,173,550,575,565
2017-12-28,Potato,24,Uttar Pradesh,9,Pratapgarh,173,550,575,565
2017-12-27,Potato,24,Uttar Pradesh,9,Pratapgarh,173,560,580,570
2017-12-26,Potato,24,Uttar Pradesh,9,Pratapgarh,173,550,575,565
2017-12-25,Potato,24,Uttar Pradesh,9,Pratapgarh,173,550,570,560
2017-12-24,Potato,24,Uttar Pradesh,9,Pratapgarh,173,550,575,565
2017-12-23,Potato,24,Uttar Pradesh,9,Pratapgarh,173,550,580,570
2017-12-22,Potato,24,Uttar Pradesh,9,Pratapgarh,173,550,580,570
2017-12-21,Potato,24,Uttar Pradesh,9,Pratapgarh,173,550,600,575
2017-12-20,Potato,24,Uttar Pradesh,9,Pratapgarh,173,460,485,475
2017-12-19,Potato,24,Uttar Pradesh,9,Pratapgarh,173,465,495,480
2017-12-18,Potato,24,Uttar Pradesh,9,Pratapgarh,173,465,495,480
2017-12-17,Potato,24,Uttar Pradesh,9,Pratapgarh,173,460,500,480
2017-12-16,Potato,24,Uttar Pradesh,9,Pratapgarh,173,460,495,480
2017-12-15,Potato,24,Uttar Pradesh,9,Pratapgarh,173,470,500,480
2017-12-14,Potato,24,Uttar Pradesh,9,Pratapgarh,173,460,485,475
2017-12-13,Potato,24,Uttar Pradesh,9,Pratapgarh,173,450,475,465
2017-12-12,Potato,24,Uttar Pradesh,9,Pratapgarh,173,450,470,460
2017-12-11,Potato,24,Uttar Pradesh,9,Pratapgarh,173,450,475,465
2017-12-10,Potato,24,Uttar Pradesh,9,Pratapgarh,173,450,475,465
2017-12-09,Potato,24,Uttar Pradesh,9,Pratapgarh,173,460,485,470
2017-12-08,Potato,24,Uttar Pradesh,9,Pratapgarh,173,460,480,470
2017-12-07,Potato,24,Uttar Pradesh,9,Pratapgarh,173,460,485,475
2017-12-06,Potato,24,Uttar Pradesh,9,Pratapgarh,173,460,485,470
2017-12-05,Potato,24,Uttar Pradesh,9,Pratapgarh,173,465,485,475
2017-12-04,Potato,24,Uttar Pradesh,9,Pratapgarh,173,460,500,480
2017-12-03,Potato,24,Uttar Pradesh,9,Pratapgarh,173,455,485,475
2017-12-02,Potato,24,Uttar Pradesh,9,Pratapgarh,173,450,485,470
2017-11-30,Potato,24,Uttar Pradesh,9,Pratapgarh,173,460,500,480
2017-11-29,Potato,24,Uttar Pradesh,9,Pratapgarh,173,470,495,480
2017-11-28,Potato,24,Uttar Pradesh,9,Pratapgarh,173,470,500,485
2017-11-27,Potato,24,Uttar Pradesh,9,Pratapgarh,173,465,500,480
2017-11-26,Potato,24,Uttar Pradesh,9,Pratapgarh,173,465,490,475
2017-11-25,Potato,24,Uttar Pradesh,9,Pratapgarh,173,475,495,485
2017-11-24,Potato,24,Uttar Pradesh,9,Pratapgarh,173,470,490,480
2017-11-23,Potato,24,Uttar Pradesh,9,Pratapgarh,173,470,495,480
2017-11-22,Potato,24,Uttar Pradesh,9,Pratapgarh,173,480,500,490
2017-11-21,Potato,24,Uttar Pradesh,9,Pratapgarh,173,475,500,490
2017-11-20,Potato,24,Uttar Pradesh,9,Pratapgarh,173,475,500,490
2017-11-19,Potato,24,Uttar Pradesh,9,Pratapgarh,173,470,505,490
2017-11-18,Potato,24,Uttar Pradesh,9,Pratapgarh,173,475,500,490
2017-11-17,Potato,24,Uttar Pradesh,9,Pratapgarh,173,480,500,490
2017-11-16,Potato,24,Uttar Pradesh,9,Pratapgarh,173,490,510,500
2017-11-15,Potato,24,Uttar Pradesh,9,Pratapgarh,173,500,520,510
2017-11-14,Potato,24,Uttar Pradesh,9,Pratapgarh,173,485,510,500
2017-11-13,Potato,24,Uttar Pradesh,9,Pratapgarh,173,490,510,500
2017-11-12,Potato,24,Uttar Pradesh,9,Pratapgarh,173,510,530,520
2017-11-11,Potato,24,Uttar Pradesh,9,Pratapgarh,173,500,520,510
2017-11-10,Potato,24,Uttar Pradesh,9,Pratapgarh,173,500,525,515
2017-11-09,Potato,24,Uttar Pradesh,9,Pratapgarh,173,510,530,520
2017-11-08,Potato,24,Uttar Pradesh,9,Pratapgarh,173,510,535,525
2017-11-07,Potato,24,Uttar Pradesh,9,Pratapgarh,173,515,535,525
2017-11-06,Potato,24,Uttar Pradesh,9,Pratapgarh,173,505,535,520
2017-11-05,Potato,24,Uttar Pradesh,9,Pratapgarh,173,500,535,520
2017-11-04,Potato,24,Uttar Pradesh,9,Pratapgarh,173,500,525,515
2017-11-03,Potato,24,Uttar Pradesh,9,Pratapgarh,173,510,535,520
2017-11-02,Potato,24,Uttar Pradesh,9,Pratapgarh,173,510,530,520
2017-10-31,Potato,24,Uttar Pradesh,9,Pratapgarh,173,515,535,525
2017-10-30,Potato,24,Uttar Pradesh,9,Pratapgarh,173,505,540,525
2017-10-29,Potato,24,Uttar Pradesh,9,Pratapgarh,173,500,535,520
2017-10-28,Potato,24,Uttar Pradesh,9,Pratapgarh,173,510,535,520
2017-10-27,Potato,24,Uttar Pradesh,9,Pratapgarh,173,510,530,520
2017-10-26,Potato,24,Uttar Pradesh,9,Pratapgarh,173,510,535,525
2017-10-25,Potato,24,Uttar Pradesh,9,Pratapgarh,173,520,540,530
2017-10-24,Potato,24,Uttar Pradesh,9,Pratapgarh,173,520,540,530
2017-10-23,Potato,24,Uttar Pradesh,9,Pratapgarh,173,515,535,525
2017-10-22,Potato,24,Uttar Pradesh,9,Pratapgarh,173,510,530,520
2017-10-21,Potato,24,Uttar Pradesh,9,Pratapgarh,173,515,540,525
2017-10-20,Potato,24,Uttar Pradesh,9,Pratapgarh,173,500,535,520
2017-10-19,Potato,24,Uttar Pradesh,9,Pratapgarh,173,510,530,520
2017-10-18,Potato,24,Uttar Pradesh,9,Pratapgarh,173,515,535,525
2017-10-17,Potato,24,Uttar Pradesh,9,Pratapgarh,173,510,535,525
2017-10-16,Potato,24,Uttar Pradesh,9,Pratapgarh,173,510,535,520
2017-10-15,Potato,24,Uttar Pradesh,9,Pratapgarh,173,510,550,520
2017-10-14,Potato,24,Uttar Pradesh,9,Pratapgarh,173,510,540,520
2017-10-13,Potato,24,Uttar Pradesh,9,Pratapgarh,173,510,535,525
2017-10-12,Potato,24,Uttar Pradesh,9,Pratapgarh,173,510,535,520
2017-10-11,Potato,24,Uttar Pradesh,9,Pratapgarh,173,510,540,525
2017-10-10,Potato,24,Uttar Pradesh,9,Pratapgarh,173,515,535,525
2017-10-09,Potato,24,Uttar Pradesh,9,Pratapgarh,173,510,535,525
2017-10-08,Potato,24,Uttar Pradesh,9,Pratapgarh,173,520,540,530
2017-10-07,Potato,24,Uttar Pradesh,9,Pratapgarh,173,525,550,540
2017-10-06,Potato,24,Uttar Pradesh,9,Pratapgarh,173,530,550,540
2017-10-05,Potato,24,Uttar Pradesh,9,Pratapgarh,173,540,560,550
2017-10-04,Potato,24,Uttar Pradesh,9,Pratapgarh,173,540,560,550
2017-10-03,Potato,24,Uttar Pradesh,9,Pratapgarh,173,540,560,550
2017-10-02,Potato,24,Uttar Pradesh,9,Pratapgarh,173,550,570,560
2017-10-01,Potato,24,Uttar Pradesh,9,Pratapgarh,173,550,575,565
2017-09-30,Potato,24,Uttar Pradesh,9,Pratapgarh,173,570,590,580
2017-09-29,Potato,24,Uttar Pradesh,9,Pratapgarh,173,575,595,585
2017-09-28,Potato,24,Uttar Pradesh,9,Pratapgarh,173,580,600,590
2017-09-27,Potato,24,Uttar Pradesh,9,Pratapgarh,173,580,600,590
2017-09-26,Potato,24,Uttar Pradesh,9,Pratapgarh,173,560,600,580
2017-09-25,Potato,24,Uttar Pradesh,9,Pratapgarh,173,580,600,590
2017-09-24,Potato,24,Uttar Pradesh,9,Pratapgarh,173,570,590,580
2017-09-23,Potato,24,Uttar Pradesh,9,Pratapgarh,173,580,600,590
2017-09-22,Potato,24,Uttar Pradesh,9,Pratapgarh,173,580,620,600
2017-09-21,Potato,24,Uttar Pradesh,9,Pratapgarh,173,600,625,610
2017-09-20,Potato,24,Uttar Pradesh,9,Pratapgarh,173,580,625,600
2017-09-19,Potato,24,Uttar Pradesh,9,Pratapgarh,173,580,610,600
2017-09-18,Potato,24,Uttar Pradesh,9,Pratapgarh,173,590,610,600
2017-09-17,Potato,24,Uttar Pradesh,9,Pratapgarh,173,590,610,600
2017-09-16,Potato,24,Uttar Pradesh,9,Pratapgarh,173,590,625,600
2017-09-15,Potato,24,Uttar Pradesh,9,Pratapgarh,173,600,630,615
2017-09-14,Potato,24,Uttar Pradesh,9,Pratapgarh,173,600,620,610
2017-09-13,Potato,24,Uttar Pradesh,9,Pratapgarh,173,600,640,620
2017-09-12,Potato,24,Uttar Pradesh,9,Pratapgarh,173,615,635,625
2017-09-11,Potato,24,Uttar Pradesh,9,Pratapgarh,173,,,630
2017-09-10,Potato,24,Uttar Pradesh,9,Pratapgarh,173,610,635,625
2017-09-09,Potato,24,Uttar Pradesh,9,Pratapgarh,173,600,640,620
2017-09-08,Potato,24,Uttar Pradesh,9,Pratapgarh,173,,,625
2017-09-07,Potato,24,Uttar Pradesh,9,Pratapgarh,173,,,630
2017-09-06,Potato,24,Uttar Pradesh,9,Pratapgarh,173,,,625
2017-09-05,Potato,24,Uttar Pradesh,9,Pratapgarh,173,,,625
2017-09-04,Potato,24,Uttar Pradesh,9,Pratapgarh,173,,,625
2017-09-03,Potato,24,Uttar Pradesh,9,Pratapgarh,173,,,635
2017-09-02,Potato,24,Uttar Pradesh,9,Pratapgarh,173,,,630
2017-09-01,Potato,24,Uttar Pradesh,9,Pratapgarh,173,,,630
2017-08-31,Potato,24,Uttar Pradesh,9,Pratapgarh,173,,,640
2017-08-30,Potato,24,Uttar Pradesh,9,Pratapgarh,173,,,635
2017-08-29,Potato,24,Uttar Pradesh,9,Pratapgarh,173,,,630
2017-08-28,Potato,24,Uttar Pradesh,9,Pratapgarh,173,,,640
2017-08-27,Potato,24,Uttar Pradesh,9,Pratapgarh,173,,,640
2017-08-26,Potato,24,Uttar Pradesh,9,Pratapgarh,173,,,635
2017-08-25,Potato,24,Uttar Pradesh,9,Pratapgarh,173,,,635
2017-08-24,Potato,24,Uttar Pradesh,9,Pratapgarh,173,,,635
2017-08-23,Potato,24,Uttar Pradesh,9,Pratapgarh,173,,,640
2017-08-22,Potato,24,Uttar Pradesh,9,Pratapgarh,173,,,640
2017-08-21,Potato,24,Uttar Pradesh,9,Pratapgarh,173,,,650
2017-08-20,Potato,24,Uttar Pradesh,9,Pratapgarh,173,,,640
2017-08-19,Potato,24,Uttar Pradesh,9,Pratapgarh,173,,,640
2017-08-18,Potato,24,Uttar Pradesh,9,Pratapgarh,173,,,650
2017-08-17,Potato,24,Uttar Pradesh,9,Pratapgarh,173,,,650
2017-08-16,Potato,24,Uttar Pradesh,9,Pratapgarh,173,,,650
2017-08-15,Potato,24,Uttar Pradesh,9,Pratapgarh,173,,,660
2017-08-14,Potato,24,Uttar Pradesh,9,Pratapgarh,173,,,660
2017-08-13,Potato,24,Uttar Pradesh,9,Pratapgarh,173,,,665
2017-08-12,Potato,24,Uttar Pradesh,9,Pratapgarh,173,,,660
2017-08-11,Potato,24,Uttar Pradesh,9,Pratapgarh,173,,,665
2017-08-10,Potato,24,Uttar Pradesh,9,Pratapgarh,173,,,665
2017-08-09,Potato,24,Uttar Pradesh,9,Pratapgarh,173,,,660
2017-08-08,Potato,24,Uttar Pradesh,9,Pratapgarh,173,,,650
2017-08-07,Potato,24,Uttar Pradesh,9,Pratapgarh,173,,,660
2017-08-06,Potato,24,Uttar Pradesh,9,Pratapgarh,173,,,645
2017-08-05,Potato,24,Uttar Pradesh,9,Pratapgarh,173,,,660
2017-08-04,Potato,24,Uttar Pradesh,9,Pratapgarh,173,,,670
2017-08-03,Potato,24,Uttar Pradesh,9,Pratapgarh,173,,,670
2017-08-02,Potato,24,Uttar Pradesh,9,Pratapgarh,173,,,675
2017-07-31,Potato,24,Uttar Pradesh,9,Pratapgarh,173,,,670
2017-07-30,Potato,24,Uttar Pradesh,9,Pratapgarh,173,,,675
2017-07-29,Potato,24,Uttar Pradesh,9,Pratapgarh,173,,,675
2017-07-28,Potato,24,Uttar Pradesh,9,Pratapgarh,173,,,690
2017-07-27,Potato,24,Uttar Pradesh,9,Pratapgarh,173,,,710
2017-07-26,Potato,24,Uttar Pradesh,9,Pratapgarh,173,,,700
2017-07-25,Potato,24,Uttar Pradesh,9,Pratapgarh,173,,,700
2017-07-24,Potato,24,Uttar Pradesh,9,Pratapgarh,173,,,700
2017-07-23,Potato,24,Uttar Pradesh,9,Pratapgarh,173,,,700
2017-07-22,Potato,24,Uttar Pradesh,9,Pratapgarh,173,,,700
2017-07-21,Potato,24,Uttar Pradesh,9,Pratapgarh,173,,,700
2017-07-20,Potato,24,Uttar Pradesh,9,Pratapgarh,173,,,715
2017-07-19,Potato,24,Uttar Pradesh,9,Pratapgarh,173,,,710
2017-07-18,Potato,24,Uttar Pradesh,9,Pratapgarh,173,,,710
2017-07-17,Potato,24,Uttar Pradesh,9,Pratapgarh,173,,,700
2017-07-16,Potato,24,Uttar Pradesh,9,Pratapgarh,173,,,710
2017-07-15,Potato,24,Uttar Pradesh,9,Pratapgarh,173,,,700
2017-07-14,Potato,24,Uttar Pradesh,9,Pratapgarh,173,,,700
2017-07-13,Potato,24,Uttar Pradesh,9,Pratapgarh,173,,,700
2017-07-12,Potato,24,Uttar Pradesh,9,Pratapgarh,173,,,700
2017-07-11,Potato,24,Uttar Pradesh,9,Pratapgarh,173,,,700
2017-07-10,Potato,24,Uttar Pradesh,9,Pratapgarh,173,,,690
2017-07-09,Potato,24,Uttar Pradesh,9,Pratapgarh,173,,,700
2017-07-08,Potato,24,Uttar Pradesh,9,Pratapgarh,173,,,710
2017-07-07,Potato,24,Uttar Pradesh,9,Pratapgarh,173,,,690
2017-07-06,Potato,24,Uttar Pradesh,9,Pratapgarh,173,,,685
2017-07-05,Potato,24,Uttar Pradesh,9,Pratapgarh,173,,,680
2017-07-04,Potato,24,Uttar Pradesh,9,Pratapgarh,173,,,680
2017-07-01,Potato,24,Uttar Pradesh,9,Pratapgarh,173,,,670
2017-06-30,Potato,24,Uttar Pradesh,9,Pratapgarh,173,,,665
2017-06-29,Potato,24,Uttar Pradesh,9,Pratapgarh,173,,,660
2017-06-28,Potato,24,Uttar Pradesh,9,Pratapgarh,173,,,650
2017-06-27,Potato,24,Uttar Pradesh,9,Pratapgarh,173,,,610
2017-06-26,Potato,24,Uttar Pradesh,9,Pratapgarh,173,,,610
2017-06-25,Potato,24,Uttar Pradesh,9,Pratapgarh,173,,,615
2017-06-24,Potato,24,Uttar Pradesh,9,Pratapgarh,173,,,610
2017-06-23,Potato,24,Uttar Pradesh,9,Pratapgarh,173,,,600
2017-06-22,Potato,24,Uttar Pradesh,9,Pratapgarh,173,,,600
2017-06-21,Potato,24,Uttar Pradesh,9,Pratapgarh,173,,,600
2017-06-20,Potato,24,Uttar Pradesh,9,Pratapgarh,173,,,580
2017-06-19,Potato,24,Uttar Pradesh,9,Pratapgarh,173,,,575
2017-06-18,Potato,24,Uttar Pradesh,9,Pratapgarh,173,,,575
2017-06-15,Potato,24,Uttar Pradesh,9,Pratapgarh,173,,,550
2017-06-14,Potato,24,Uttar Pradesh,9,Pratapgarh,173,,,540
2017-06-13,Potato,24,Uttar Pradesh,9,Pratapgarh,173,,,540
2017-06-12,Potato,24,Uttar Pradesh,9,Pratapgarh,173,,,550
2017-06-09,Potato,24,Uttar Pradesh,9,Pratapgarh,173,,,540
2017-06-08,Potato,24,Uttar Pradesh,9,Pratapgarh,173,,,535
2017-06-07,Potato,24,Uttar Pradesh,9,Pratapgarh,173,,,540
2017-06-06,Potato,24,Uttar Pradesh,9,Pratapgarh,173,,,540
2017-06-05,Potato,24,Uttar Pradesh,9,Pratapgarh,173,,,550
2017-06-04,Potato,24,Uttar Pradesh,9,Pratapgarh,173,,,545
2017-06-03,Potato,24,Uttar Pradesh,9,Pratapgarh,173,,,550
2017-06-02,Potato,24,Uttar Pradesh,9,Pratapgarh,173,,,540
2017-06-01,Potato,24,Uttar Pradesh,9,Pratapgarh,173,,,540
2017-05-31,Potato,24,Uttar Pradesh,9,Pratapgarh,173,,,540
2017-05-30,Potato,24,Uttar Pradesh,9,Pratapgarh,173,,,550
2017-05-29,Potato,24,Uttar Pradesh,9,Pratapgarh,173,,,550
2017-05-28,Potato,24,Uttar Pradesh,9,Pratapgarh,173,,,560
2017-05-27,Potato,24,Uttar Pradesh,9,Pratapgarh,173,,,510
2017-05-26,Potato,24,Uttar Pradesh,9,Pratapgarh,173,,,500
2017-05-24,Potato,24,Uttar Pradesh,9,Pratapgarh,173,,,510
2017-05-23,Potato,24,Uttar Pradesh,9,Pratapgarh,173,,,500
2017-05-22,Potato,24,Uttar Pradesh,9,Pratapgarh,173,,,500
2017-05-21,Potato,24,Uttar Pradesh,9,Pratapgarh,173,,,505
2017-05-20,Potato,24,Uttar Pradesh,9,Pratapgarh,173,,,500
2017-05-19,Potato,24,Uttar Pradesh,9,Pratapgarh,173,,,510
2017-05-18,Potato,24,Uttar Pradesh,9,Pratapgarh,173,,,515
2017-05-17,Potato,24,Uttar Pradesh,9,Pratapgarh,173,,,515
2017-05-16,Potato,24,Uttar Pradesh,9,Pratapgarh,173,,,510
2017-05-15,Potato,24,Uttar Pradesh,9,Pratapgarh,173,,,500
2017-05-14,Potato,24,Uttar Pradesh,9,Pratapgarh,173,,,505
2017-05-13,Potato,24,Uttar Pradesh,9,Pratapgarh,173,,,500
2017-05-12,Potato,24,Uttar Pradesh,9,Pratapgarh,173,,,510
2017-05-11,Potato,24,Uttar Pradesh,9,Pratapgarh,173,,,510
2017-05-10,Potato,24,Uttar Pradesh,9,Pratapgarh,173,,,500
2017-05-09,Potato,24,Uttar Pradesh,9,Pratapgarh,173,,,510
2017-05-08,Potato,24,Uttar Pradesh,9,Pratapgarh,173,,,500
2017-05-07,Potato,24,Uttar Pradesh,9,Pratapgarh,173,,,505
2017-05-06,Potato,24,Uttar Pradesh,9,Pratapgarh,173,,,500
2017-05-05,Potato,24,Uttar Pradesh,9,Pratapgarh,173,,,510
2017-05-04,Potato,24,Uttar Pradesh,9,Pratapgarh,173,,,515
2017-05-03,Potato,24,Uttar Pradesh,9,Pratapgarh,173,,,510
2017-05-02,Potato,24,Uttar Pradesh,9,Pratapgarh,173,,,515
2017-05-01,Potato,24,Uttar Pradesh,9,Pratapgarh,173,,,510
2017-04-30,Potato,24,Uttar Pradesh,9,Pratapgarh,173,,,510
2017-04-29,Potato,24,Uttar Pradesh,9,Pratapgarh,173,,,510
2017-04-28,Potato,24,Uttar Pradesh,9,Pratapgarh,173,,,510
2017-04-27,Potato,24,Uttar Pradesh,9,Pratapgarh,173,,,515
2017-04-26,Potato,24,Uttar Pradesh,9,Pratapgarh,173,,,525
2017-04-25,Potato,24,Uttar Pradesh,9,Pratapgarh,173,,,565
2017-04-24,Potato,24,Uttar Pradesh,9,Pratapgarh,173,,,560
2017-04-23,Potato,24,Uttar Pradesh,9,Pratapgarh,173,,,555
2017-04-22,Potato,24,Uttar Pradesh,9,Pratapgarh,173,,,550
2017-04-21,Potato,24,Uttar Pradesh,9,Pratapgarh,173,,,550
2017-04-20,Potato,24,Uttar Pradesh,9,Pratapgarh,173,,,535
2017-04-19,Potato,24,Uttar Pradesh,9,Pratapgarh,173,,,540
2017-04-18,Potato,24,Uttar Pradesh,9,Pratapgarh,173,,,530
2017-04-17,Potato,24,Uttar Pradesh,9,Pratapgarh,173,,,530
2017-04-16,Potato,24,Uttar Pradesh,9,Pratapgarh,173,,,530
2017-04-15,Potato,24,Uttar Pradesh,9,Pratapgarh,173,,,535
2017-04-14,Potato,24,Uttar Pradesh,9,Pratapgarh,173,,,530
2017-04-13,Potato,24,Uttar Pradesh,9,Pratapgarh,173,,,530
2017-04-12,Potato,24,Uttar Pradesh,9,Pratapgarh,173,,,525
2017-04-11,Potato,24,Uttar Pradesh,9,Pratapgarh,173,,,525
2017-04-06,Potato,24,Uttar Pradesh,9,Pratapgarh,173,,,520
2017-04-05,Potato,24,Uttar Pradesh,9,Pratapgarh,173,,,525
2017-04-04,Potato,24,Uttar Pradesh,9,Pratapgarh,173,,,520
2017-04-03,Potato,24,Uttar Pradesh,9,Pratapgarh,173,,,525
2017-04-02,Potato,24,Uttar Pradesh,9,Pratapgarh,173,,,520
2017-04-01,Potato,24,Uttar Pradesh,9,Pratapgarh,173,,,520
2017-03-31,Potato,24,Uttar Pradesh,9,Pratapgarh,173,,,535
2017-03-30,Potato,24,Uttar Pradesh,9,Pratapgarh,173,,,530
2017-03-29,Potato,24,Uttar Pradesh,9,Pratapgarh,173,,,530
2017-03-28,Potato,24,Uttar Pradesh,9,Pratapgarh,173,,,520
2017-03-27,Potato,24,Uttar Pradesh,9,Pratapgarh,173,,,525
2017-03-26,Potato,24,Uttar Pradesh,9,Pratapgarh,173,,,525
2017-03-25,Potato,24,Uttar Pradesh,9,Pratapgarh,173,,,520
2017-03-24,Potato,24,Uttar Pradesh,9,Pratapgarh,173,,,530
2017-03-23,Potato,24,Uttar Pradesh,9,Pratapgarh,173,,,525
2017-03-22,Potato,24,Uttar Pradesh,9,Pratapgarh,173,,,525
2017-03-21,Potato,24,Uttar Pradesh,9,Pratapgarh,173,,,525
2017-03-20,Potato,24,Uttar Pradesh,9,Pratapgarh,173,,,520
2017-03-19,Potato,24,Uttar Pradesh,9,Pratapgarh,173,,,520
2017-03-18,Potato,24,Uttar Pradesh,9,Pratapgarh,173,,,525
2017-03-17,Potato,24,Uttar Pradesh,9,Pratapgarh,173,,,535
2017-03-16,Potato,24,Uttar Pradesh,9,Pratapgarh,173,,,525
2017-03-15,Potato,24,Uttar Pradesh,9,Pratapgarh,173,,,535
2017-03-14,Potato,24,Uttar Pradesh,9,Pratapgarh,173,,,540
2017-03-11,Potato,24,Uttar Pradesh,9,Pratapgarh,173,,,520
2017-03-10,Potato,24,Uttar Pradesh,9,Pratapgarh,173,,,550
2017-03-09,Potato,24,Uttar Pradesh,9,Pratapgarh,173,,,540
2017-03-08,Potato,24,Uttar Pradesh,9,Pratapgarh,173,,,540
2017-03-07,Potato,24,Uttar Pradesh,9,Pratapgarh,173,,,550
2017-03-06,Potato,24,Uttar Pradesh,9,Pratapgarh,173,,,550
2017-03-05,Potato,24,Uttar Pradesh,9,Pratapgarh,173,,,545
2017-03-04,Potato,24,Uttar Pradesh,9,Pratapgarh,173,,,540
2017-03-03,Potato,24,Uttar Pradesh,9,Pratapgarh,173,,,530
2017-03-02,Potato,24,Uttar Pradesh,9,Pratapgarh,173,,,530
2017-03-01,Potato,24,Uttar Pradesh,9,Pratapgarh,173,,,535
2017-02-28,Potato,24,Uttar Pradesh,9,Pratapgarh,173,,,540
2017-02-27,Potato,24,Uttar Pradesh,9,Pratapgarh,173,,,535
2017-02-26,Potato,24,Uttar Pradesh,9,Pratapgarh,173,,,540
2017-02-25,Potato,24,Uttar Pradesh,9,Pratapgarh,173,,,545
2017-02-24,Potato,24,Uttar Pradesh,9,Pratapgarh,173,,,550
2017-02-23,Potato,24,Uttar Pradesh,9,Pratapgarh,173,,,530
2017-02-22,Potato,24,Uttar Pradesh,9,Pratapgarh,173,,,535
2017-02-21,Potato,24,Uttar Pradesh,9,Pratapgarh,173,,,530
2017-02-20,Potato,24,Uttar Pradesh,9,Pratapgarh,173,,,540
2017-02-19,Potato,24,Uttar Pradesh,9,Pratapgarh,173,,,545
2017-02-18,Potato,24,Uttar Pradesh,9,Pratapgarh,173,,,540
2017-02-17,Potato,24,Uttar Pradesh,9,Pratapgarh,173,,,535
2017-02-16,Potato,24,Uttar Pradesh,9,Pratapgarh,173,,,540
2017-02-15,Potato,24,Uttar Pradesh,9,Pratapgarh,173,,,535
2017-02-14,Potato,24,Uttar Pradesh,9,Pratapgarh,173,,,540
2017-02-13,Potato,24,Uttar Pradesh,9,Pratapgarh,173,,,550
2017-02-12,Potato,24,Uttar Pradesh,9,Pratapgarh,173,,,540
2017-02-11,Potato,24,Uttar Pradesh,9,Pratapgarh,173,,,530
2017-02-10,Potato,24,Uttar Pradesh,9,Pratapgarh,173,,,610
2017-02-09,Potato,24,Uttar Pradesh,9,Pratapgarh,173,,,600
2017-02-08,Potato,24,Uttar Pradesh,9,Pratapgarh,173,,,600
2017-02-07,Potato,24,Uttar Pradesh,9,Pratapgarh,173,,,600
2017-02-06,Potato,24,Uttar Pradesh,9,Pratapgarh,173,,,600
2017-02-04,Potato,24,Uttar Pradesh,9,Pratapgarh,173,,,600
2017-02-03,Potato,24,Uttar Pradesh,9,Pratapgarh,173,,,615
2017-02-02,Potato,24,Uttar Pradesh,9,Pratapgarh,173,,,610
2017-02-01,Potato,24,Uttar Pradesh,9,Pratapgarh,173,,,600
2017-01-31,Potato,24,Uttar Pradesh,9,Pratapgarh,173,,,620
2017-01-30,Potato,24,Uttar Pradesh,9,Pratapgarh,173,,,610
2017-01-29,Potato,24,Uttar Pradesh,9,Pratapgarh,173,,,600
2017-01-28,Potato,24,Uttar Pradesh,9,Pratapgarh,173,,,615
2017-01-27,Potato,24,Uttar Pradesh,9,Pratapgarh,173,,,610
2017-01-25,Potato,24,Uttar Pradesh,9,Pratapgarh,173,,,610
2017-01-24,Potato,24,Uttar Pradesh,9,Pratapgarh,173,,,610
2017-01-23,Potato,24,Uttar Pradesh,9,Pratapgarh,173,,,615
2017-01-22,Potato,24,Uttar Pradesh,9,Pratapgarh,173,,,610
2017-01-21,Potato,24,Uttar Pradesh,9,Pratapgarh,173,,,610
2017-01-20,Potato,24,Uttar Pradesh,9,Pratapgarh,173,,,600
2017-01-19,Potato,24,Uttar Pradesh,9,Pratapgarh,173,,,600
2017-01-18,Potato,24,Uttar Pradesh,9,Pratapgarh,173,,,600
2017-01-17,Potato,24,Uttar Pradesh,9,Pratapgarh,173,,,570
2017-01-16,Potato,24,Uttar Pradesh,9,Pratapgarh,173,,,570
2017-01-15,Potato,24,Uttar Pradesh,9,Pratapgarh,173,,,570
2017-01-14,Potato,24,Uttar Pradesh,9,Pratapgarh,173,,,570
2017-01-13,Potato,24,Uttar Pradesh,9,Pratapgarh,173,,,575
2017-01-12,Potato,24,Uttar Pradesh,9,Pratapgarh,173,,,575
2017-01-11,Potato,24,Uttar Pradesh,9,Pratapgarh,173,,,575
2017-01-10,Potato,24,Uttar Pradesh,9,Pratapgarh,173,,,575
2017-01-09,Potato,24,Uttar Pradesh,9,Pratapgarh,173,,,580
2017-01-08,Potato,24,Uttar Pradesh,9,Pratapgarh,173,,,580
2017-01-07,Potato,24,Uttar Pradesh,9,Pratapgarh,173,,,600
2017-01-06,Potato,24,Uttar Pradesh,9,Pratapgarh,173,,,590
2017-01-05,Potato,24,Uttar Pradesh,9,Pratapgarh,173,,,590
2017-01-04,Potato,24,Uttar Pradesh,9,Pratapgarh,173,,,600
2017-01-03,Potato,24,Uttar Pradesh,9,Pratapgarh,173,,,590
2017-01-02,Potato,24,Uttar Pradesh,9,Pratapgarh,173,,,600
2017-01-01,Potato,24,Uttar Pradesh,9,Pratapgarh,173,,,590
2016-12-31,Potato,24,Uttar Pradesh,9,Pratapgarh,173,,,600
2016-12-29,Potato,24,Uttar Pradesh,9,Pratapgarh,173,,,610
2016-12-28,Potato,24,Uttar Pradesh,9,Pratapgarh,173,,,620
2016-12-27,Potato,24,Uttar Pradesh,9,Pratapgarh,173,,,620
2016-12-26,Potato,24,Uttar Pradesh,9,Pratapgarh,173,,,625
2016-12-22,Potato,24,Uttar Pradesh,9,Pratapgarh,173,,,650
2016-12-21,Potato,24,Uttar Pradesh,9,Pratapgarh,173,,,665
2016-12-20,Potato,24,Uttar Pradesh,9,Pratapgarh,173,,,660
2016-12-19,Potato,24,Uttar Pradesh,9,Pratapgarh,173,,,670
2016-12-18,Potato,24,Uttar Pradesh,9,Pratapgarh,173,,,675
2016-12-17,Potato,24,Uttar Pradesh,9,Pratapgarh,173,,,700
2016-12-16,Potato,24,Uttar Pradesh,9,Pratapgarh,173,,,700
2016-12-15,Potato,24,Uttar Pradesh,9,Pratapgarh,173,,,700
2016-12-14,Potato,24,Uttar Pradesh,9,Pratapgarh,173,,,700
2016-12-13,Potato,24,Uttar Pradesh,9,Pratapgarh,173,,,740
2016-12-12,Potato,24,Uttar Pradesh,9,Pratapgarh,173,,,720
2016-12-11,Potato,24,Uttar Pradesh,9,Pratapgarh,173,,,690
2016-12-10,Potato,24,Uttar Pradesh,9,Pratapgarh,173,,,700
2016-12-09,Potato,24,Uttar Pradesh,9,Pratapgarh,173,,,740
2016-12-08,Potato,24,Uttar Pradesh,9,Pratapgarh,173,,,750
2016-12-07,Potato,24,Uttar Pradesh,9,Pratapgarh,173,,,815
2016-12-06,Potato,24,Uttar Pradesh,9,Pratapgarh,173,,,820
2016-12-05,Potato,24,Uttar Pradesh,9,Pratapgarh,173,,,830
2016-12-04,Potato,24,Uttar Pradesh,9,Pratapgarh,173,,,830
2016-12-03,Potato,24,Uttar Pradesh,9,Pratapgarh,173,,,825
2016-12-02,Potato,24,Uttar Pradesh,9,Pratapgarh,173,,,900
2016-12-01,Potato,24,Uttar Pradesh,9,Pratapgarh,173,,,1120
2016-11-30,Potato,24,Uttar Pradesh,9,Pratapgarh,173,,,1125
2016-11-29,Potato,24,Uttar Pradesh,9,Pratapgarh,173,,,1135
2016-11-28,Potato,24,Uttar Pradesh,9,Pratapgarh,173,,,1140
2016-11-27,Potato,24,Uttar Pradesh,9,Pratapgarh,173,,,1130
2016-11-25,Potato,24,Uttar Pradesh,9,Pratapgarh,173,,,1150
2016-11-24,Potato,24,Uttar Pradesh,9,Pratapgarh,173,,,1170
2016-11-23,Potato,24,Uttar Pradesh,9,Pratapgarh,173,,,1210
2016-11-22,Potato,24,Uttar Pradesh,9,Pratapgarh,173,,,1325
2016-11-21,Potato,24,Uttar Pradesh,9,Pratapgarh,173,,,1330
2016-11-20,Potato,24,Uttar Pradesh,9,Pratapgarh,173,,,1335
2016-11-19,Potato,24,Uttar Pradesh,9,Pratapgarh,173,,,1330
2016-11-17,Potato,24,Uttar Pradesh,9,Pratapgarh,173,,,1340
2016-11-16,Potato,24,Uttar Pradesh,9,Pratapgarh,173,,,1330
2016-11-15,Potato,24,Uttar Pradesh,9,Pratapgarh,173,,,1340
2016-11-14,Potato,24,Uttar Pradesh,9,Pratapgarh,173,,,1345
2016-11-13,Potato,24,Uttar Pradesh,9,Pratapgarh,173,,,1345
2016-11-12,Potato,24,Uttar Pradesh,9,Pratapgarh,173,,,1340
2016-11-11,Potato,24,Uttar Pradesh,9,Pratapgarh,173,,,1350
2016-11-10,Potato,24,Uttar Pradesh,9,Pratapgarh,173,,,1350
2016-11-09,Potato,24,Uttar Pradesh,9,Pratapgarh,173,,,1365
2016-11-08,Potato,24,Uttar Pradesh,9,Pratapgarh,173,,,1370
2016-11-07,Potato,24,Uttar Pradesh,9,Pratapgarh,173,,,1375
2016-11-06,Potato,24,Uttar Pradesh,9,Pratapgarh,173,,,1375
2016-11-05,Potato,24,Uttar Pradesh,9,Pratapgarh,173,,,1365
2016-11-04,Potato,24,Uttar Pradesh,9,Pratapgarh,173,,,1370
2016-11-03,Potato,24,Uttar Pradesh,9,Pratapgarh,173,,,1375
2016-11-02,Potato,24,Uttar Pradesh,9,Pratapgarh,173,,,1370
2016-11-01,Potato,24,Uttar Pradesh,9,Pratapgarh,173,,,1370
2016-10-29,Potato,24,Uttar Pradesh,9,Pratapgarh,173,,,1375
2016-10-28,Potato,24,Uttar Pradesh,9,Pratapgarh,173,,,1375
2016-10-27,Potato,24,Uttar Pradesh,9,Pratapgarh,173,,,1370
2016-10-26,Potato,24,Uttar Pradesh,9,Pratapgarh,173,,,1375
2016-10-25,Potato,24,Uttar Pradesh,9,Pratapgarh,173,,,1380
2016-10-24,Potato,24,Uttar Pradesh,9,Pratapgarh,173,,,1385
2016-10-23,Potato,24,Uttar Pradesh,9,Pratapgarh,173,,,1390
2016-10-22,Potato,24,Uttar Pradesh,9,Pratapgarh,173,,,1385
2016-10-21,Potato,24,Uttar Pradesh,9,Pratapgarh,173,,,1390
2016-10-20,Potato,24,Uttar Pradesh,9,Pratapgarh,173,,,1390
2016-10-19,Potato,24,Uttar Pradesh,9,Pratapgarh,173,,,1380
2016-10-18,Potato,24,Uttar Pradesh,9,Pratapgarh,173,,,1390
2016-10-17,Potato,24,Uttar Pradesh,9,Pratapgarh,173,,,1400
2016-10-16,Potato,24,Uttar Pradesh,9,Pratapgarh,173,,,1395
2016-10-15,Potato,24,Uttar Pradesh,9,Pratapgarh,173,,,1390
2016-10-14,Potato,24,Uttar Pradesh,9,Pratapgarh,173,,,1400
2016-10-13,Potato,24,Uttar Pradesh,9,Pratapgarh,173,,,1400
2016-10-12,Potato,24,Uttar Pradesh,9,Pratapgarh,173,,,1395
2016-10-06,Potato,24,Uttar Pradesh,9,Pratapgarh,173,,,1400
2016-10-05,Potato,24,Uttar Pradesh,9,Pratapgarh,173,,,1410
2016-10-04,Potato,24,Uttar Pradesh,9,Pratapgarh,173,1400,1440,1420
2016-10-03,Potato,24,Uttar Pradesh,9,Pratapgarh,173,1380,1420,1400
2016-09-23,Potato,24,Uttar Pradesh,9,Pratapgarh,173,1520,1560,1540
2016-09-21,Potato,24,Uttar Pradesh,9,Pratapgarh,173,1650,1700,1675
2016-09-20,Potato,24,Uttar Pradesh,9,Pratapgarh,173,1630,1670,1650
2016-09-19,Potato,24,Uttar Pradesh,9,Pratapgarh,173,1650,1690,1670
2016-09-18,Potato,24,Uttar Pradesh,9,Pratapgarh,173,1660,1700,1680
2016-09-13,Potato,24,Uttar Pradesh,9,Pratapgarh,173,1630,1670,1650
2016-09-12,Potato,24,Uttar Pradesh,9,Pratapgarh,173,1650,1690,1670
2016-09-11,Potato,24,Uttar Pradesh,9,Pratapgarh,173,1620,1660,1640
2016-09-09,Potato,24,Uttar Pradesh,9,Pratapgarh,173,1625,1665,1645
2016-09-08,Potato,24,Uttar Pradesh,9,Pratapgarh,173,1600,1650,1630
2016-08-19,Potato,24,Uttar Pradesh,9,Pratapgarh,173,1610,1650,1630
2016-08-18,Potato,24,Uttar Pradesh,9,Pratapgarh,173,1600,1630,1615
2016-08-17,Potato,24,Uttar Pradesh,9,Pratapgarh,173,1600,1640,1620
2016-08-15,Potato,24,Uttar Pradesh,9,Pratapgarh,173,1570,1610,1590
2016-07-28,Potato,24,Uttar Pradesh,9,Pratapgarh,173,1380,1430,1410
2016-07-27,Potato,24,Uttar Pradesh,9,Pratapgarh,173,1380,1420,1400
2016-07-26,Potato,24,Uttar Pradesh,9,Pratapgarh,173,1380,1420,1400
2016-07-25,Potato,24,Uttar Pradesh,9,Pratapgarh,173,1345,1385,1365
2016-07-21,Potato,24,Uttar Pradesh,9,Pratapgarh,173,1355,1395,1375
2016-07-19,Potato,24,Uttar Pradesh,9,Pratapgarh,173,1365,1385,1375
2016-07-18,Potato,24,Uttar Pradesh,9,Pratapgarh,173,1360,1400,1380
2016-07-17,Potato,24,Uttar Pradesh,9,Pratapgarh,173,1330,1370,1350
2016-07-16,Potato,24,Uttar Pradesh,9,Pratapgarh,173,1350,1390,1370
2016-07-14,Potato,24,Uttar Pradesh,9,Pratapgarh,173,1340,1380,1360
2016-07-12,Potato,24,Uttar Pradesh,9,Pratapgarh,173,1320,1360,1340
2016-07-11,Potato,24,Uttar Pradesh,9,Pratapgarh,173,1310,1350,1330
2016-07-05,Potato,24,Uttar Pradesh,9,Pratapgarh,173,1290,1330,1310
2016-06-24,Potato,24,Uttar Pradesh,9,Pratapgarh,173,1300,1335,1315
2016-06-23,Potato,24,Uttar Pradesh,9,Pratapgarh,173,1280,1320,1300
2016-06-22,Potato,24,Uttar Pradesh,9,Pratapgarh,173,1260,1300,1280
2016-06-21,Potato,24,Uttar Pradesh,9,Pratapgarh,173,1230,1270,1250
2016-06-13,Potato,24,Uttar Pradesh,9,Pratapgarh,173,1160,1200,1180
2016-06-10,Potato,24,Uttar Pradesh,9,Pratapgarh,173,1150,1190,1170
2016-06-09,Potato,24,Uttar Pradesh,9,Pratapgarh,173,1160,1200,1180
2016-06-07,Potato,24,Uttar Pradesh,9,Pratapgarh,173,1130,1170,1150
2016-06-06,Potato,24,Uttar Pradesh,9,Pratapgarh,173,1150,1190,1170
2016-06-05,Potato,24,Uttar Pradesh,9,Pratapgarh,173,1155,1195,1175
2016-06-04,Potato,24,Uttar Pradesh,9,Pratapgarh,173,1205,1245,1225
2016-05-30,Potato,24,Uttar Pradesh,9,Pratapgarh,173,1180,1220,1200
2016-05-27,Potato,24,Uttar Pradesh,9,Pratapgarh,173,1130,1170,1150
2016-05-26,Potato,24,Uttar Pradesh,9,Pratapgarh,173,1145,1185,1165
2016-05-25,Potato,24,Uttar Pradesh,9,Pratapgarh,173,1150,1190,1170
2016-05-24,Potato,24,Uttar Pradesh,9,Pratapgarh,173,1130,1170,1150
2016-05-23,Potato,24,Uttar Pradesh,9,Pratapgarh,173,1115,1155,1135
2016-05-22,Potato,24,Uttar Pradesh,9,Pratapgarh,173,1110,1150,1130
2016-05-21,Potato,24,Uttar Pradesh,9,Pratapgarh,173,1120,1160,1140
2016-05-19,Potato,24,Uttar Pradesh,9,Pratapgarh,173,1100,1140,1120
2016-05-18,Potato,24,Uttar Pradesh,9,Pratapgarh,173,1110,1150,1130
2016-05-17,Potato,24,Uttar Pradesh,9,Pratapgarh,173,3410,3450,3430
2016-05-16,Potato,24,Uttar Pradesh,9,Pratapgarh,173,1090,1130,1110
2016-05-15,Potato,24,Uttar Pradesh,9,Pratapgarh,173,1110,1150,1130
2016-05-14,Potato,24,Uttar Pradesh,9,Pratapgarh,173,1100,1140,1120
2016-05-13,Potato,24,Uttar Pradesh,9,Pratapgarh,173,1080,1120,1100
2016-05-12,Potato,24,Uttar Pradesh,9,Pratapgarh,173,1070,1110,1090
2016-05-11,Potato,24,Uttar Pradesh,9,Pratapgarh,173,1060,1100,1080
2016-05-10,Potato,24,Uttar Pradesh,9,Pratapgarh,173,1070,1110,1090
2016-05-09,Potato,24,Uttar Pradesh,9,Pratapgarh,173,1070,1110,1090
2016-05-08,Potato,24,Uttar Pradesh,9,Pratapgarh,173,1050,1090,1070
2016-05-07,Potato,24,Uttar Pradesh,9,Pratapgarh,173,1040,1080,1060
2016-05-06,Potato,24,Uttar Pradesh,9,Pratapgarh,173,1050,1090,1070
2016-05-05,Potato,24,Uttar Pradesh,9,Pratapgarh,173,1060,1100,1080
2016-05-04,Potato,24,Uttar Pradesh,9,Pratapgarh,173,1055,1095,1075
2016-05-03,Potato,24,Uttar Pradesh,9,Pratapgarh,173,1040,1080,1060
2016-04-30,Potato,24,Uttar Pradesh,9,Pratapgarh,173,1130,1170,1150
2016-04-29,Potato,24,Uttar Pradesh,9,Pratapgarh,173,1010,1050,1030
2016-04-28,Potato,24,Uttar Pradesh,9,Pratapgarh,173,1000,1040,1020
2016-04-27,Potato,24,Uttar Pradesh,9,Pratapgarh,173,995,1035,1015
2016-04-26,Potato,24,Uttar Pradesh,9,Pratapgarh,173,980,1020,1000
2016-04-25,Potato,24,Uttar Pradesh,9,Pratapgarh,173,980,1020,1000
2016-04-23,Potato,24,Uttar Pradesh,9,Pratapgarh,173,990,1030,1010
2016-04-21,Potato,24,Uttar Pradesh,9,Pratapgarh,173,995,1035,1015
2016-04-20,Potato,24,Uttar Pradesh,9,Pratapgarh,173,990,1030,1010
2016-04-19,Potato,24,Uttar Pradesh,9,Pratapgarh,173,980,1020,1000
2016-04-18,Potato,24,Uttar Pradesh,9,Pratapgarh,173,990,1030,1010
2016-04-17,Potato,24,Uttar Pradesh,9,Pratapgarh,173,980,1020,1000
2016-04-16,Potato,24,Uttar Pradesh,9,Pratapgarh,173,980,1010,1000
2016-04-15,Potato,24,Uttar Pradesh,9,Pratapgarh,173,960,1000,980
2016-04-14,Potato,24,Uttar Pradesh,9,Pratapgarh,173,930,970,950
2016-04-13,Potato,24,Uttar Pradesh,9,Pratapgarh,173,930,970,950
2016-04-11,Potato,24,Uttar Pradesh,9,Pratapgarh,173,940,970,950
2016-04-04,Potato,24,Uttar Pradesh,9,Pratapgarh,173,950,990,970
2015-10-27,Potato,24,Uttar Pradesh,9,Pratapgarh,173,580,680,630
2015-10-26,Potato,24,Uttar Pradesh,9,Pratapgarh,173,600,700,650
2015-10-25,Potato,24,Uttar Pradesh,9,Pratapgarh,173,620,700,660
2015-10-24,Potato,24,Uttar Pradesh,9,Pratapgarh,173,620,680,650
2015-10-23,Potato,24,Uttar Pradesh,9,Pratapgarh,173,620,690,655
2015-10-16,Potato,24,Uttar Pradesh,9,Pratapgarh,173,630,710,670
2015-10-15,Potato,24,Uttar Pradesh,9,Pratapgarh,173,650,700,675
2015-10-14,Potato,24,Uttar Pradesh,9,Pratapgarh,173,630,730,680
2015-10-13,Potato,24,Uttar Pradesh,9,Pratapgarh,173,620,720,670
2015-10-12,Potato,24,Uttar Pradesh,9,Pratapgarh,173,600,700,650
2015-10-11,Potato,24,Uttar Pradesh,9,Pratapgarh,173,580,670,625
2015-10-10,Potato,24,Uttar Pradesh,9,Pratapgarh,173,580,660,620
2015-09-26,Potato,24,Uttar Pradesh,9,Pratapgarh,173,600,700,650
2015-09-24,Potato,24,Uttar Pradesh,9,Pratapgarh,173,630,700,665
2015-09-23,Potato,24,Uttar Pradesh,9,Pratapgarh,173,620,700,660
2015-09-21,Potato,24,Uttar Pradesh,9,Pratapgarh,173,620,680,650
2015-09-20,Potato,24,Uttar Pradesh,9,Pratapgarh,173,620,680,650
2015-09-19,Potato,24,Uttar Pradesh,9,Pratapgarh,173,620,700,660
2015-09-18,Potato,24,Uttar Pradesh,9,Pratapgarh,173,620,680,650
2015-09-17,Potato,24,Uttar Pradesh,9,Pratapgarh,173,620,690,655
2015-09-16,Potato,24,Uttar Pradesh,9,Pratapgarh,173,620,680,650
2015-09-14,Potato,24,Uttar Pradesh,9,Pratapgarh,173,620,700,660
2015-09-13,Potato,24,Uttar Pradesh,9,Pratapgarh,173,600,700,655
2015-09-12,Potato,24,Uttar Pradesh,9,Pratapgarh,173,600,700,650
2015-09-10,Potato,24,Uttar Pradesh,9,Pratapgarh,173,620,700,660
2015-09-09,Potato,24,Uttar Pradesh,9,Pratapgarh,173,620,680,650
2015-09-08,Potato,24,Uttar Pradesh,9,Pratapgarh,173,620,700,660
2015-09-07,Potato,24,Uttar Pradesh,9,Pratapgarh,173,600,700,650
2015-09-04,Potato,24,Uttar Pradesh,9,Pratapgarh,173,630,700,665
2015-09-03,Potato,24,Uttar Pradesh,9,Pratapgarh,173,620,700,660
2015-09-02,Potato,24,Uttar Pradesh,9,Pratapgarh,173,630,700,665
2015-08-31,Potato,24,Uttar Pradesh,9,Pratapgarh,173,630,700,665
2015-08-29,Potato,24,Uttar Pradesh,9,Pratapgarh,173,650,700,675
2015-08-26,Potato,24,Uttar Pradesh,9,Pratapgarh,173,610,720,665
2015-08-25,Potato,24,Uttar Pradesh,9,Pratapgarh,173,620,700,660
2015-08-24,Potato,24,Uttar Pradesh,9,Pratapgarh,173,640,720,680
2015-08-22,Potato,24,Uttar Pradesh,9,Pratapgarh,173,620,710,665
2015-08-21,Potato,24,Uttar Pradesh,9,Pratapgarh,173,620,700,660
2015-08-20,Potato,24,Uttar Pradesh,9,Pratapgarh,173,620,730,675
2015-08-19,Potato,24,Uttar Pradesh,9,Pratapgarh,173,620,700,660
2015-08-18,Potato,24,Uttar Pradesh,9,Pratapgarh,173,620,720,670
2015-08-17,Potato,24,Uttar Pradesh,9,Pratapgarh,173,650,700,675
2015-08-12,Potato,24,Uttar Pradesh,9,Pratapgarh,173,650,700,675
2015-08-11,Potato,24,Uttar Pradesh,9,Pratapgarh,173,620,720,670
2015-08-10,Potato,24,Uttar Pradesh,9,Pratapgarh,173,630,730,680
2015-08-09,Potato,24,Uttar Pradesh,9,Pratapgarh,173,650,700,675
2015-08-08,Potato,24,Uttar Pradesh,9,Pratapgarh,173,630,710,670
2015-08-07,Potato,24,Uttar Pradesh,9,Pratapgarh,173,630,730,680
2015-08-06,Potato,24,Uttar Pradesh,9,Pratapgarh,173,650,720,685
2015-08-05,Potato,24,Uttar Pradesh,9,Pratapgarh,173,640,720,680
2015-08-04,Potato,24,Uttar Pradesh,9,Pratapgarh,173,650,750,700
2015-08-03,Potato,24,Uttar Pradesh,9,Pratapgarh,173,650,750,700
2015-08-01,Potato,24,Uttar Pradesh,9,Pratapgarh,173,650,750,700
2015-07-31,Potato,24,Uttar Pradesh,9,Pratapgarh,173,650,700,690
2015-07-30,Potato,24,Uttar Pradesh,9,Pratapgarh,173,650,750,700
2015-07-29,Potato,24,Uttar Pradesh,9,Pratapgarh,173,650,730,690
2015-07-28,Potato,24,Uttar Pradesh,9,Pratapgarh,173,650,750,700
2015-07-27,Potato,24,Uttar Pradesh,9,Pratapgarh,173,650,730,690
2015-07-25,Potato,24,Uttar Pradesh,9,Pratapgarh,173,630,730,680
2015-07-24,Potato,24,Uttar Pradesh,9,Pratapgarh,173,640,730,685
2015-07-23,Potato,24,Uttar Pradesh,9,Pratapgarh,173,630,730,680
2015-07-22,Potato,24,Uttar Pradesh,9,Pratapgarh,173,650,720,685
2015-07-21,Potato,24,Uttar Pradesh,9,Pratapgarh,173,650,730,690
2015-07-20,Potato,24,Uttar Pradesh,9,Pratapgarh,173,630,730,680
2015-07-19,Potato,24,Uttar Pradesh,9,Pratapgarh,173,635,735,685
2015-07-18,Potato,24,Uttar Pradesh,9,Pratapgarh,173,630,730,680
2015-07-17,Potato,24,Uttar Pradesh,9,Pratapgarh,173,620,720,670
2015-07-16,Potato,24,Uttar Pradesh,9,Pratapgarh,173,620,720,675
2015-07-15,Potato,24,Uttar Pradesh,9,Pratapgarh,173,620,700,665
2015-07-14,Potato,24,Uttar Pradesh,9,Pratapgarh,173,630,730,680
2015-07-13,Potato,24,Uttar Pradesh,9,Pratapgarh,173,620,700,660
2015-07-11,Potato,24,Uttar Pradesh,9,Pratapgarh,173,620,710,665
2015-07-10,Potato,24,Uttar Pradesh,9,Pratapgarh,173,610,710,660
2015-07-09,Potato,24,Uttar Pradesh,9,Pratapgarh,173,630,700,665
2015-07-08,Potato,24,Uttar Pradesh,9,Pratapgarh,173,630,700,660
2015-07-07,Potato,24,Uttar Pradesh,9,Pratapgarh,173,630,700,665
2015-07-06,Potato,24,Uttar Pradesh,9,Pratapgarh,173,600,700,655
2015-07-04,Potato,24,Uttar Pradesh,9,Pratapgarh,173,625,705,665
2015-07-03,Potato,24,Uttar Pradesh,9,Pratapgarh,173,630,700,665
2015-07-02,Potato,24,Uttar Pradesh,9,Pratapgarh,173,620,700,660
2015-07-01,Potato,24,Uttar Pradesh,9,Pratapgarh,173,620,720,670
2015-06-30,Potato,24,Uttar Pradesh,9,Pratapgarh,173,620,700,660
2015-06-29,Potato,24,Uttar Pradesh,9,Pratapgarh,173,630,700,665
2015-06-27,Potato,24,Uttar Pradesh,9,Pratapgarh,173,620,700,660
2015-06-25,Potato,24,Uttar Pradesh,9,Pratapgarh,173,620,700,660
2015-06-24,Potato,24,Uttar Pradesh,9,Pratapgarh,173,630,690,660
2015-06-23,Potato,24,Uttar Pradesh,9,Pratapgarh,173,620,720,670
2015-06-22,Potato,24,Uttar Pradesh,9,Pratapgarh,173,600,700,650
2015-06-20,Potato,24,Uttar Pradesh,9,Pratapgarh,173,620,700,660
2015-06-19,Potato,24,Uttar Pradesh,9,Pratapgarh,173,630,700,670
2015-06-16,Potato,24,Uttar Pradesh,9,Pratapgarh,173,600,720,660
2015-06-15,Potato,24,Uttar Pradesh,9,Pratapgarh,173,630,700,665
2015-06-14,Potato,24,Uttar Pradesh,9,Pratapgarh,173,615,705,660
2015-06-13,Potato,24,Uttar Pradesh,9,Pratapgarh,173,620,700,660
2015-06-12,Potato,24,Uttar Pradesh,9,Pratapgarh,173,600,710,655
2015-06-11,Potato,24,Uttar Pradesh,9,Pratapgarh,173,600,700,650
2015-06-10,Potato,24,Uttar Pradesh,9,Pratapgarh,173,590,690,640
2015-06-09,Potato,24,Uttar Pradesh,9,Pratapgarh,173,600,690,645
2015-06-08,Potato,24,Uttar Pradesh,9,Pratapgarh,173,600,680,640
2015-06-06,Potato,24,Uttar Pradesh,9,Pratapgarh,173,600,670,635
2015-06-05,Potato,24,Uttar Pradesh,9,Pratapgarh,173,580,680,630
2015-06-04,Potato,24,Uttar Pradesh,9,Pratapgarh,173,550,640,595
2015-06-03,Potato,24,Uttar Pradesh,9,Pratapgarh,173,550,650,600
2015-06-02,Potato,24,Uttar Pradesh,9,Pratapgarh,173,550,650,600
2015-06-01,Potato,24,Uttar Pradesh,9,Pratapgarh,173,560,660,610
2015-05-30,Potato,24,Uttar Pradesh,9,Pratapgarh,173,540,640,590
2015-05-29,Potato,24,Uttar Pradesh,9,Pratapgarh,173,550,650,600
2015-05-28,Potato,24,Uttar Pradesh,9,Pratapgarh,173,550,650,600
2015-05-27,Potato,24,Uttar Pradesh,9,Pratapgarh,173,540,640,590
2015-05-26,Potato,24,Uttar Pradesh,9,Pratapgarh,173,550,650,600
2015-05-25,Potato,24,Uttar Pradesh,9,Pratapgarh,173,540,640,590
2015-05-24,Potato,24,Uttar Pradesh,9,Pratapgarh,173,550,650,600
2015-05-23,Potato,24,Uttar Pradesh,9,Pratapgarh,173,550,650,600
2015-05-22,Potato,24,Uttar Pradesh,9,Pratapgarh,173,540,640,590
2015-05-21,Potato,24,Uttar Pradesh,9,Pratapgarh,173,550,650,600
2015-05-20,Potato,24,Uttar Pradesh,9,Pratapgarh,173,555,650,600
2015-05-18,Potato,24,Uttar Pradesh,9,Pratapgarh,173,550,650,600
2015-05-17,Potato,24,Uttar Pradesh,9,Pratapgarh,173,560,660,610
2015-05-16,Potato,24,Uttar Pradesh,9,Pratapgarh,173,550,650,600
2015-05-15,Potato,24,Uttar Pradesh,9,Pratapgarh,173,550,630,590
2015-05-14,Potato,24,Uttar Pradesh,9,Pratapgarh,173,550,650,600
2015-05-13,Potato,24,Uttar Pradesh,9,Pratapgarh,173,540,640,590
2015-05-12,Potato,24,Uttar Pradesh,9,Pratapgarh,173,550,650,600
2015-05-11,Potato,24,Uttar Pradesh,9,Pratapgarh,173,560,660,610
2015-05-10,Potato,24,Uttar Pradesh,9,Pratapgarh,173,560,650,600
2015-05-09,Potato,24,Uttar Pradesh,9,Pratapgarh,173,550,650,600
2015-05-08,Potato,24,Uttar Pradesh,9,Pratapgarh,173,550,650,600
2015-05-07,Potato,24,Uttar Pradesh,9,Pratapgarh,173,560,660,610
2015-05-06,Potato,24,Uttar Pradesh,9,Pratapgarh,173,550,650,600
2015-05-05,Potato,24,Uttar Pradesh,9,Pratapgarh,173,550,650,600
2015-05-02,Potato,24,Uttar Pradesh,9,Pratapgarh,173,550,630,590
2015-05-01,Potato,24,Uttar Pradesh,9,Pratapgarh,173,550,620,585
2015-04-30,Potato,24,Uttar Pradesh,9,Pratapgarh,173,550,630,590
2015-04-29,Potato,24,Uttar Pradesh,9,Pratapgarh,173,550,650,600
2015-04-28,Potato,24,Uttar Pradesh,9,Pratapgarh,173,550,620,585
2015-04-27,Potato,24,Uttar Pradesh,9,Pratapgarh,173,550,630,590
2015-04-26,Potato,24,Uttar Pradesh,9,Pratapgarh,173,550,650,600
2015-04-25,Potato,24,Uttar Pradesh,9,Pratapgarh,173,540,630,585
2015-04-24,Potato,24,Uttar Pradesh,9,Pratapgarh,173,550,630,590
2015-04-23,Potato,24,Uttar Pradesh,9,Pratapgarh,173,540,620,580
2015-04-22,Potato,24,Uttar Pradesh,9,Pratapgarh,173,550,620,585
2015-04-18,Potato,24,Uttar Pradesh,9,Pratapgarh,173,530,610,570
2015-04-17,Potato,24,Uttar Pradesh,9,Pratapgarh,173,540,620,580
2015-04-15,Potato,24,Uttar Pradesh,9,Pratapgarh,173,540,600,570
2015-04-14,Potato,24,Uttar Pradesh,9,Pratapgarh,173,530,600,565
2015-04-13,Potato,24,Uttar Pradesh,9,Pratapgarh,173,550,600,575
2015-04-12,Potato,24,Uttar Pradesh,9,Pratapgarh,173,510,610,560
2015-04-11,Potato,24,Uttar Pradesh,9,Pratapgarh,173,550,610,580
2015-04-09,Potato,24,Uttar Pradesh,9,Pratapgarh,173,530,590,560
2015-04-08,Potato,24,Uttar Pradesh,9,Pratapgarh,173,540,600,570
2015-04-07,Potato,24,Uttar Pradesh,9,Pratapgarh,173,525,575,550
2015-04-05,Potato,24,Uttar Pradesh,9,Pratapgarh,173,520,580,550
2015-04-04,Potato,24,Uttar Pradesh,9,Pratapgarh,173,540,600,570
2015-04-03,Potato,24,Uttar Pradesh,9,Pratapgarh,173,550,600,575
2015-04-02,Potato,24,Uttar Pradesh,9,Pratapgarh,173,550,610,580
2015-04-01,Potato,24,Uttar Pradesh,9,Pratapgarh,173,550,630,590
2015-03-31,Potato,24,Uttar Pradesh,9,Pratapgarh,173,550,620,585
2015-03-30,Potato,24,Uttar Pradesh,9,Pratapgarh,173,550,610,580
2015-03-29,Potato,24,Uttar Pradesh,9,Pratapgarh,173,560,610,585
2015-03-28,Potato,24,Uttar Pradesh,9,Pratapgarh,173,560,620,590
2015-03-27,Potato,24,Uttar Pradesh,9,Pratapgarh,173,550,620,585
2015-03-26,Potato,24,Uttar Pradesh,9,Pratapgarh,173,550,610,580
2015-03-25,Potato,24,Uttar Pradesh,9,Pratapgarh,173,560,620,590
2015-03-24,Potato,24,Uttar Pradesh,9,Pratapgarh,173,575,625,600
2015-03-23,Potato,24,Uttar Pradesh,9,Pratapgarh,173,570,630,600
2015-03-22,Potato,24,Uttar Pradesh,9,Pratapgarh,173,570,625,600
2015-03-21,Potato,24,Uttar Pradesh,9,Pratapgarh,173,570,630,600
2015-03-20,Potato,24,Uttar Pradesh,9,Pratapgarh,173,580,640,610
2015-03-19,Potato,24,Uttar Pradesh,9,Pratapgarh,173,570,630,600
2015-03-18,Potato,24,Uttar Pradesh,9,Pratapgarh,173,580,640,610
2015-03-17,Potato,24,Uttar Pradesh,9,Pratapgarh,173,590,640,615
2015-03-16,Potato,24,Uttar Pradesh,9,Pratapgarh,173,580,640,610
2015-03-15,Potato,24,Uttar Pradesh,9,Pratapgarh,173,575,625,600
2015-03-14,Potato,24,Uttar Pradesh,9,Pratapgarh,173,550,650,600
2015-03-13,Potato,24,Uttar Pradesh,9,Pratapgarh,173,575,645,610
2015-03-12,Potato,24,Uttar Pradesh,9,Pratapgarh,173,580,650,615
2015-03-11,Potato,24,Uttar Pradesh,9,Pratapgarh,173,580,640,610
2015-03-10,Potato,24,Uttar Pradesh,9,Pratapgarh,173,570,640,605
2015-03-09,Potato,24,Uttar Pradesh,9,Pratapgarh,173,580,640,610
2015-03-08,Potato,24,Uttar Pradesh,9,Pratapgarh,173,590,640,615
2015-03-07,Potato,24,Uttar Pradesh,9,Pratapgarh,173,590,650,620
2015-03-05,Potato,24,Uttar Pradesh,9,Pratapgarh,173,570,640,605
2015-03-04,Potato,24,Uttar Pradesh,9,Pratapgarh,173,570,650,610
2015-03-03,Potato,24,Uttar Pradesh,9,Pratapgarh,173,590,640,620
2015-03-02,Potato,24,Uttar Pradesh,9,Pratapgarh,173,590,640,615
2015-03-01,Potato,24,Uttar Pradesh,9,Pratapgarh,173,570,630,600
2015-02-28,Potato,24,Uttar Pradesh,9,Pratapgarh,173,580,640,610
2015-02-27,Potato,24,Uttar Pradesh,9,Pratapgarh,173,570,630,600
2015-02-26,Potato,24,Uttar Pradesh,9,Pratapgarh,173,580,640,610
2015-02-25,Potato,24,Uttar Pradesh,9,Pratapgarh,173,590,640,615
2015-02-24,Potato,24,Uttar Pradesh,9,Pratapgarh,173,580,640,610
2015-02-23,Potato,24,Uttar Pradesh,9,Pratapgarh,173,580,650,615
2015-02-22,Potato,24,Uttar Pradesh,9,Pratapgarh,173,590,650,620
2015-02-21,Potato,24,Uttar Pradesh,9,Pratapgarh,173,560,660,610
2015-02-20,Potato,24,Uttar Pradesh,9,Pratapgarh,173,600,660,630
2015-02-19,Potato,24,Uttar Pradesh,9,Pratapgarh,173,600,650,625
2015-02-18,Potato,24,Uttar Pradesh,9,Pratapgarh,173,600,670,635
2015-02-17,Potato,24,Uttar Pradesh,9,Pratapgarh,173,600,660,630
2015-02-16,Potato,24,Uttar Pradesh,9,Pratapgarh,173,600,660,630
2015-02-15,Potato,24,Uttar Pradesh,9,Pratapgarh,173,600,670,635
2015-02-14,Potato,24,Uttar Pradesh,9,Pratapgarh,173,610,670,640
2015-02-13,Potato,24,Uttar Pradesh,9,Pratapgarh,173,600,660,630
2015-02-12,Potato,24,Uttar Pradesh,9,Pratapgarh,173,600,670,635
2015-02-11,Potato,24,Uttar Pradesh,9,Pratapgarh,173,600,660,630
2015-02-10,Potato,24,Uttar Pradesh,9,Pratapgarh,173,600,670,635
2015-02-09,Potato,24,Uttar Pradesh,9,Pratapgarh,173,600,660,630
2015-02-08,Potato,24,Uttar Pradesh,9,Pratapgarh,173,600,650,625
2015-02-07,Potato,24,Uttar Pradesh,9,Pratapgarh,173,590,630,610
2015-02-06,Potato,24,Uttar Pradesh,9,Pratapgarh,173,600,650,620
2015-02-05,Potato,24,Uttar Pradesh,9,Pratapgarh,173,600,650,625
2015-02-04,Potato,24,Uttar Pradesh,9,Pratapgarh,173,625,675,650
2015-02-03,Potato,24,Uttar Pradesh,9,Pratapgarh,173,600,650,625
2015-02-02,Potato,24,Uttar Pradesh,9,Pratapgarh,173,590,650,620
2015-01-31,Potato,24,Uttar Pradesh,9,Pratapgarh,173,600,695,645
2015-01-30,Potato,24,Uttar Pradesh,9,Pratapgarh,173,600,700,650
2015-01-29,Potato,24,Uttar Pradesh,9,Pratapgarh,173,625,675,650
2015-01-28,Potato,24,Uttar Pradesh,9,Pratapgarh,173,600,700,645
2015-01-27,Potato,24,Uttar Pradesh,9,Pratapgarh,173,600,700,650
2015-01-23,Potato,24,Uttar Pradesh,9,Pratapgarh,173,600,680,635
2015-01-22,Potato,24,Uttar Pradesh,9,Pratapgarh,173,600,680,640
2015-01-21,Potato,24,Uttar Pradesh,9,Pratapgarh,173,600,700,650
2015-01-20,Potato,24,Uttar Pradesh,9,Pratapgarh,173,590,670,625
2015-01-19,Potato,24,Uttar Pradesh,9,Pratapgarh,173,580,670,630
2015-01-18,Potato,24,Uttar Pradesh,9,Pratapgarh,173,600,670,635
2015-01-17,Potato,24,Uttar Pradesh,9,Pratapgarh,173,590,660,625
2015-01-16,Potato,24,Uttar Pradesh,9,Pratapgarh,173,600,660,630
2015-01-15,Potato,24,Uttar Pradesh,9,Pratapgarh,173,600,650,625
2015-01-14,Potato,24,Uttar Pradesh,9,Pratapgarh,173,600,675,635
2015-01-13,Potato,24,Uttar Pradesh,9,Pratapgarh,173,625,675,650
2015-01-12,Potato,24,Uttar Pradesh,9,Pratapgarh,173,650,710,680
2015-01-11,Potato,24,Uttar Pradesh,9,Pratapgarh,173,640,710,675
2015-01-10,Potato,24,Uttar Pradesh,9,Pratapgarh,173,630,700,665
2015-01-09,Potato,24,Uttar Pradesh,9,Pratapgarh,173,630,700,660
2015-01-08,Potato,24,Uttar Pradesh,9,Pratapgarh,173,640,700,670
2015-01-07,Potato,24,Uttar Pradesh,9,Pratapgarh,173,680,745,710
2015-01-06,Potato,24,Uttar Pradesh,9,Pratapgarh,173,650,750,700
2015-01-05,Potato,24,Uttar Pradesh,9,Pratapgarh,173,670,750,710
2015-01-04,Potato,24,Uttar Pradesh,9,Pratapgarh,173,650,750,700
2015-01-03,Potato,24,Uttar Pradesh,9,Pratapgarh,173,650,750,700
2015-01-01,Potato,24,Uttar Pradesh,9,Pratapgarh,173,630,680,655
