date,commodity,commodity_id,state,state_id,district,district_id,price_min,price_max,price_modal
2025-10-30,Pumpkin,84,Uttar Pradesh,9,Ghazipur,195,1270,1330,1300
2025-10-29,Pumpkin,84,Uttar Pradesh,9,Ghazipur,195,1200,1400,1300
2025-10-28,Pumpkin,84,Uttar Pradesh,9,Ghazipur,195,1200,1400,1310
2025-10-27,Pumpkin,84,Uttar Pradesh,9,Ghazipur,195,1240,1380,1300
2025-10-25,Pumpkin,84,Uttar Pradesh,9,Ghazipur,195,1260,1360,1310
2025-10-24,Pumpkin,84,Uttar Pradesh,9,Ghazipur,195,1200,1350,1300
2025-10-23,Pumpkin,84,Uttar Pradesh,9,Ghazipur,195,1200,1400,1310
2025-10-21,Pumpkin,84,Uttar Pradesh,9,Ghazipur,195,1200,1400,1310
2025-10-18,Pumpkin,84,Uttar Pradesh,9,Ghazipur,195,1200,1400,1310
2025-10-17,Pumpkin,84,Uttar Pradesh,9,Ghazipur,195,1200,1400,1300
2025-10-16,Pumpkin,84,Uttar Pradesh,9,Ghazipur,195,1250,1400,1320
2025-10-14,Pumpkin,84,Uttar Pradesh,9,Ghazipur,195,1250,1450,1340
2025-10-13,Pumpkin,84,Uttar Pradesh,9,Ghazipur,195,1300,1450,1340
2025-10-11,Pumpkin,84,Uttar Pradesh,9,Ghazipur,195,1300,1450,1350
2025-10-10,Pumpkin,84,Uttar Pradesh,9,Ghazipur,195,1300,1450,1360
2025-10-09,Pumpkin,84,Uttar Pradesh,9,Ghazipur,195,1350,1410,1385
2025-10-08,Pumpkin,84,Uttar Pradesh,9,Ghazipur,195,1200,1290,1245
2025-10-07,Pumpkin,84,Uttar Pradesh,9,Ghazipur,195,1220,1270,1240
2025-10-06,Pumpkin,84,Uttar Pradesh,9,Ghazipur,195,1150,1350,1240
2025-10-04,Pumpkin,84,Uttar Pradesh,9,Ghazipur,195,1300,1350,1320
2025-10-03,Pumpkin,84,Uttar Pradesh,9,Ghazipur,195,1300,1360,1330
2025-10-02,Pumpkin,84,Uttar Pradesh,9,Ghazipur,195,1300,1350,1325
2025-09-29,Pumpkin,84,Uttar Pradesh,9,Ghazipur,195,1300,1340,1315
2025-09-27,Pumpkin,84,Uttar Pradesh,9,Ghazipur,195,1320,1370,1340
2025-09-26,Pumpkin,84,Uttar Pradesh,9,Ghazipur,195,1250,1400,1340
2025-09-25,Pumpkin,84,Uttar Pradesh,9,Ghazipur,195,1250,1400,1330
2025-09-24,Pumpkin,84,Uttar Pradesh,9,Ghazipur,195,1320,1370,1340
2025-09-23,Pumpkin,84,Uttar Pradesh,9,Ghazipur,195,1300,1450,1350
2025-09-22,Pumpkin,84,Uttar Pradesh,9,Ghazipur,195,1300,1450,1360
2025-09-20,Pumpkin,84,Uttar Pradesh,9,Ghazipur,195,1300,1450,1350
2025-09-19,Pumpkin,84,Uttar Pradesh,9,Ghazipur,195,1300,1450,1360
2025-09-18,Pumpkin,84,Uttar Pradesh,9,Ghazipur,195,1350,1400,1380
2025-09-17,Pumpkin,84,Uttar Pradesh,9,Ghazipur,195,1350,1395,1375
2025-09-16,Pumpkin,84,Uttar Pradesh,9,Ghazipur,195,1350,1400,1370
2025-09-15,Pumpkin,84,Uttar Pradesh,9,Ghazipur,195,1300,1500,1400
2025-09-13,Pumpkin,84,Uttar Pradesh,9,Ghazipur,195,1300,1500,1410
2025-09-12,Pumpkin,84,Uttar Pradesh,9,Ghazipur,195,1370,1430,1400
2025-09-11,Pumpkin,84,Uttar Pradesh,9,Ghazipur,195,1370,1430,1400
2025-09-10,Pumpkin,84,Uttar Pradesh,9,Ghazipur,195,1370,1430,1400
2025-09-09,Pumpkin,84,Uttar Pradesh,9,Ghazipur,195,1370,1430,1400
2025-09-08,Pumpkin,84,Uttar Pradesh,9,Ghazipur,195,1400,1450,1430
2025-09-06,Pumpkin,84,Uttar Pradesh,9,Ghazipur,195,1350,1550,1440
2025-09-05,Pumpkin,84,Uttar Pradesh,9,Ghazipur,195,1500,1650,1565
2025-09-04,Pumpkin,84,Uttar Pradesh,9,Ghazipur,195,1540,1600,1570
2025-09-03,Pumpkin,84,Uttar Pradesh,9,Ghazipur,195,1540,1600,1570
2025-09-02,Pumpkin,84,Uttar Pradesh,9,Ghazipur,195,1200,1400,1300
2025-09-01,Pumpkin,84,Uttar Pradesh,9,Ghazipur,195,1270,1330,1300
2025-08-30,Pumpkin,84,Uttar Pradesh,9,Ghazipur,195,1300,1350,1320
2025-08-29,Pumpkin,84,Uttar Pradesh,9,Ghazipur,195,1250,1400,1320
2025-08-28,Pumpkin,84,Uttar Pradesh,9,Ghazipur,195,1300,1450,1350
2025-08-27,Pumpkin,84,Uttar Pradesh,9,Ghazipur,195,1330,1380,1360
2025-08-26,Pumpkin,84,Uttar Pradesh,9,Ghazipur,195,1350,1420,1380
2025-08-25,Pumpkin,84,Uttar Pradesh,9,Ghazipur,195,1370,1430,1400
2025-08-23,Pumpkin,84,Uttar Pradesh,9,Ghazipur,195,1370,1430,1400
2025-08-22,Pumpkin,84,Uttar Pradesh,9,Ghazipur,195,1370,1430,1400
2025-08-21,Pumpkin,84,Uttar Pradesh,9,Ghazipur,195,1320,1370,1340
2025-08-20,Pumpkin,84,Uttar Pradesh,9,Ghazipur,195,1320,1370,1340
2025-08-19,Pumpkin,84,Uttar Pradesh,9,Ghazipur,195,1320,1370,1340
2025-08-18,Pumpkin,84,Uttar Pradesh,9,Ghazipur,195,1300,1500,1410
2025-08-16,Pumpkin,84,Uttar Pradesh,9,Ghazipur,195,1300,1500,1400
2025-08-14,Pumpkin,84,Uttar Pradesh,9,Ghazipur,195,1370,1430,1400
2025-08-13,Pumpkin,84,Uttar Pradesh,9,Ghazipur,195,1450,1485,1475
2025-08-12,Pumpkin,84,Uttar Pradesh,9,Ghazipur,195,1350,1400,1380
2025-08-11,Pumpkin,84,Uttar Pradesh,9,Ghazipur,195,1300,1450,1360
2025-08-09,Pumpkin,84,Uttar Pradesh,9,Ghazipur,195,1300,1450,1380
2025-08-08,Pumpkin,84,Uttar Pradesh,9,Ghazipur,195,1360,1420,1390
2025-08-07,Pumpkin,84,Uttar Pradesh,9,Ghazipur,195,1370,1430,1400
2025-08-06,Pumpkin,84,Uttar Pradesh,9,Ghazipur,195,1300,1500,1400
2025-08-04,Pumpkin,84,Uttar Pradesh,9,Ghazipur,195,1330,1390,1360
2025-08-02,Pumpkin,84,Uttar Pradesh,9,Ghazipur,195,1400,1600,1510
2025-08-01,Pumpkin,84,Uttar Pradesh,9,Ghazipur,195,1470,1530,1500
2025-07-31,Pumpkin,84,Uttar Pradesh,9,Ghazipur,195,1350,1500,1430
2025-07-30,Pumpkin,84,Uttar Pradesh,9,Ghazipur,195,1400,1500,1430
2025-07-29,Pumpkin,84,Uttar Pradesh,9,Ghazipur,195,1450,1500,1480
2025-07-28,Pumpkin,84,Uttar Pradesh,9,Ghazipur,195,1370,1430,1400
2025-07-26,Pumpkin,84,Uttar Pradesh,9,Ghazipur,195,1420,1470,1450
2025-07-25,Pumpkin,84,Uttar Pradesh,9,Ghazipur,195,1500,1550,1520
2025-07-24,Pumpkin,84,Uttar Pradesh,9,Ghazipur,195,1450,1600,1520
2025-07-23,Pumpkin,84,Uttar Pradesh,9,Ghazipur,195,1520,1580,1550
2025-07-22,Pumpkin,84,Uttar Pradesh,9,Ghazipur,195,1540,1600,1570
2025-07-21,Pumpkin,84,Uttar Pradesh,9,Ghazipur,195,1420,1480,1450
2025-07-19,Pumpkin,84,Uttar Pradesh,9,Ghazipur,195,1430,1490,1460
2025-07-18,Pumpkin,84,Uttar Pradesh,9,Ghazipur,195,1430,1490,1460
2025-07-17,Pumpkin,84,Uttar Pradesh,9,Ghazipur,195,1170,1230,1200
2025-07-16,Pumpkin,84,Uttar Pradesh,9,Ghazipur,195,1100,1300,1200
2025-07-15,Pumpkin,84,Uttar Pradesh,9,Ghazipur,195,1150,1300,1210
2025-07-14,Pumpkin,84,Uttar Pradesh,9,Ghazipur,195,1100,1300,1200
2025-07-12,Pumpkin,84,Uttar Pradesh,9,Ghazipur,195,1100,1300,1200
2025-07-11,Pumpkin,84,Uttar Pradesh,9,Ghazipur,195,1170,1230,1200
2025-07-10,Pumpkin,84,Uttar Pradesh,9,Ghazipur,195,1035,1090,1065
2025-07-09,Pumpkin,84,Uttar Pradesh,9,Ghazipur,195,1030,1090,1060
2025-07-08,Pumpkin,84,Uttar Pradesh,9,Ghazipur,195,1020,1080,1050
2025-07-07,Pumpkin,84,Uttar Pradesh,9,Ghazipur,195,1030,1090,1060
2025-07-05,Pumpkin,84,Uttar Pradesh,9,Ghazipur,195,1000,1060,1030
2025-07-04,Pumpkin,84,Uttar Pradesh,9,Ghazipur,195,1000,1150,1030
2025-07-03,Pumpkin,84,Uttar Pradesh,9,Ghazipur,195,1000,1050,1025
2025-07-02,Pumpkin,84,Uttar Pradesh,9,Ghazipur,195,1000,1050,1025
2025-07-01,Pumpkin,84,Uttar Pradesh,9,Ghazipur,195,950,1100,1025
2025-06-30,Pumpkin,84,Uttar Pradesh,9,Ghazipur,195,900,1100,1020
2025-06-28,Pumpkin,84,Uttar Pradesh,9,Ghazipur,195,1000,1040,1020
2025-06-27,Pumpkin,84,Uttar Pradesh,9,Ghazipur,195,1000,1050,1020
2025-06-26,Pumpkin,84,Uttar Pradesh,9,Ghazipur,195,980,1050,1010
2025-06-25,Pumpkin,84,Uttar Pradesh,9,Ghazipur,195,900,1100,1010
2025-06-24,Pumpkin,84,Uttar Pradesh,9,Ghazipur,195,900,1100,1000
2025-06-23,Pumpkin,84,Uttar Pradesh,9,Ghazipur,195,970,1030,1000
2025-06-21,Pumpkin,84,Uttar Pradesh,9,Ghazipur,195,970,1030,1000
2025-06-20,Pumpkin,84,Uttar Pradesh,9,Ghazipur,195,970,1030,1000
2025-06-19,Pumpkin,84,Uttar Pradesh,9,Ghazipur,195,960,1000,980
2025-06-18,Pumpkin,84,Uttar Pradesh,9,Ghazipur,195,800,950,880
2025-06-17,Pumpkin,84,Uttar Pradesh,9,Ghazipur,195,830,950,890
2025-06-16,Pumpkin,84,Uttar Pradesh,9,Ghazipur,195,800,950,880
2025-06-14,Pumpkin,84,Uttar Pradesh,9,Ghazipur,195,1160,1210,1190
2025-06-13,Pumpkin,84,Uttar Pradesh,9,Ghazipur,195,850,910,880
2025-06-12,Pumpkin,84,Uttar Pradesh,9,Ghazipur,195,820,880,850
2025-06-11,Pumpkin,84,Uttar Pradesh,9,Ghazipur,195,750,900,840
2025-03-25,Pumpkin,84,Uttar Pradesh,9,Ghazipur,195,1200,1250,1220
2025-03-24,Pumpkin,84,Uttar Pradesh,9,Ghazipur,195,1200,1260,1230
2025-03-22,Pumpkin,84,Uttar Pradesh,9,Ghazipur,195,1370,1430,1400
2025-03-20,Pumpkin,84,Uttar Pradesh,9,Ghazipur,195,1380,1430,1410
2025-03-19,Pumpkin,84,Uttar Pradesh,9,Ghazipur,195,1350,1420,1380
2025-03-18,Pumpkin,84,Uttar Pradesh,9,Ghazipur,195,1350,1400,1380
2025-03-17,Pumpkin,84,Uttar Pradesh,9,Ghazipur,195,1200,1260,1230
2025-03-15,Pumpkin,84,Uttar Pradesh,9,Ghazipur,195,1200,1240,1220
2025-03-12,Pumpkin,84,Uttar Pradesh,9,Ghazipur,195,1200,1240,1220
2025-03-11,Pumpkin,84,Uttar Pradesh,9,Ghazipur,195,1200,1250,1220
2025-03-10,Pumpkin,84,Uttar Pradesh,9,Ghazipur,195,1200,1250,1220
2025-03-07,Pumpkin,84,Uttar Pradesh,9,Ghazipur,195,1200,1240,1220
2025-03-06,Pumpkin,84,Uttar Pradesh,9,Ghazipur,195,1300,1360,1330
2025-03-05,Pumpkin,84,Uttar Pradesh,9,Ghazipur,195,1350,1395,1375
2025-03-04,Pumpkin,84,Uttar Pradesh,9,Ghazipur,195,1350,1400,1375
2025-03-03,Pumpkin,84,Uttar Pradesh,9,Ghazipur,195,1350,1450,1400
2025-03-01,Pumpkin,84,Uttar Pradesh,9,Ghazipur,195,1380,1420,1400
2025-02-28,Pumpkin,84,Uttar Pradesh,9,Ghazipur,195,1350,1480,1400
2025-02-27,Pumpkin,84,Uttar Pradesh,9,Ghazipur,195,1300,1340,1320
2025-02-26,Pumpkin,84,Uttar Pradesh,9,Ghazipur,195,1300,1340,1320
2025-02-25,Pumpkin,84,Uttar Pradesh,9,Ghazipur,195,1300,1350,1320
2025-02-24,Pumpkin,84,Uttar Pradesh,9,Ghazipur,195,1400,1460,1430
2025-02-22,Pumpkin,84,Uttar Pradesh,9,Ghazipur,195,1400,1460,1430
2025-02-21,Pumpkin,84,Uttar Pradesh,9,Ghazipur,195,1410,1450,1430
2025-02-20,Pumpkin,84,Uttar Pradesh,9,Ghazipur,195,1500,1540,1520
2025-02-19,Pumpkin,84,Uttar Pradesh,9,Ghazipur,195,1500,1540,1520
2025-02-18,Pumpkin,84,Uttar Pradesh,9,Ghazipur,195,1500,1550,1520
2025-02-17,Pumpkin,84,Uttar Pradesh,9,Ghazipur,195,1470,1520,1500
2025-02-15,Pumpkin,84,Uttar Pradesh,9,Ghazipur,195,1540,1590,1570
2025-02-14,Pumpkin,84,Uttar Pradesh,9,Ghazipur,195,1540,1600,1570
2025-02-13,Pumpkin,84,Uttar Pradesh,9,Ghazipur,195,1580,1620,1600
2025-02-11,Pumpkin,84,Uttar Pradesh,9,Ghazipur,195,1570,1630,1600
2025-02-10,Pumpkin,84,Uttar Pradesh,9,Ghazipur,195,1580,1620,1600
2025-02-08,Pumpkin,84,Uttar Pradesh,9,Ghazipur,195,1580,1620,1600
2025-02-07,Pumpkin,84,Uttar Pradesh,9,Ghazipur,195,1580,1650,1600
2025-02-06,Pumpkin,84,Uttar Pradesh,9,Ghazipur,195,1600,1640,1620
2025-02-05,Pumpkin,84,Uttar Pradesh,9,Ghazipur,195,1600,1640,1620
2025-02-04,Pumpkin,84,Uttar Pradesh,9,Ghazipur,195,1570,1630,1600
2025-02-03,Pumpkin,84,Uttar Pradesh,9,Ghazipur,195,1570,1620,1600
2025-02-01,Pumpkin,84,Uttar Pradesh,9,Ghazipur,195,1600,1655,1625
2025-01-31,Pumpkin,84,Uttar Pradesh,9,Ghazipur,195,1600,1630,1625
2025-01-30,Pumpkin,84,Uttar Pradesh,9,Ghazipur,195,1600,1660,1630
2025-01-29,Pumpkin,84,Uttar Pradesh,9,Ghazipur,195,1600,1660,1630
2025-01-28,Pumpkin,84,Uttar Pradesh,9,Ghazipur,195,1600,1660,1630
2025-01-27,Pumpkin,84,Uttar Pradesh,9,Ghazipur,195,1600,1680,1640
2025-01-25,Pumpkin,84,Uttar Pradesh,9,Ghazipur,195,1600,1680,1640
2025-01-24,Pumpkin,84,Uttar Pradesh,9,Ghazipur,195,1630,1700,1670
2025-01-23,Pumpkin,84,Uttar Pradesh,9,Ghazipur,195,1620,1680,1650
2025-01-22,Pumpkin,84,Uttar Pradesh,9,Ghazipur,195,1600,1680,1650
2025-01-21,Pumpkin,84,Uttar Pradesh,9,Ghazipur,195,1630,1670,1650
2025-01-20,Pumpkin,84,Uttar Pradesh,9,Ghazipur,195,1620,1680,1650
2025-01-18,Pumpkin,84,Uttar Pradesh,9,Ghazipur,195,1620,1670,1640
2025-01-17,Pumpkin,84,Uttar Pradesh,9,Ghazipur,195,1620,1660,1640
2025-01-16,Pumpkin,84,Uttar Pradesh,9,Ghazipur,195,1630,1670,1650
2025-01-15,Pumpkin,84,Uttar Pradesh,9,Ghazipur,195,1620,1680,1650
2025-01-13,Pumpkin,84,Uttar Pradesh,9,Ghazipur,195,1620,1680,1650
2025-01-11,Pumpkin,84,Uttar Pradesh,9,Ghazipur,195,1630,1670,1650
2025-01-10,Pumpkin,84,Uttar Pradesh,9,Ghazipur,195,1620,1680,1650
2025-01-09,Pumpkin,84,Uttar Pradesh,9,Ghazipur,195,1690,1730,1710
2025-01-08,Pumpkin,84,Uttar Pradesh,9,Ghazipur,195,1680,1750,1710
2025-01-07,Pumpkin,84,Uttar Pradesh,9,Ghazipur,195,1670,1730,1700
2025-01-06,Pumpkin,84,Uttar Pradesh,9,Ghazipur,195,1670,1730,1700
2025-01-04,Pumpkin,84,Uttar Pradesh,9,Ghazipur,195,1680,1720,1700
2025-01-03,Pumpkin,84,Uttar Pradesh,9,Ghazipur,195,1600,1700,1650
2025-01-02,Pumpkin,84,Uttar Pradesh,9,Ghazipur,195,1600,1660,1630
2025-01-01,Pumpkin,84,Uttar Pradesh,9,Ghazipur,195,1600,1640,1620
2024-12-31,Pumpkin,84,Uttar Pradesh,9,Ghazipur,195,1590,1650,1620
2024-12-30,Pumpkin,84,Uttar Pradesh,9,Ghazipur,195,1600,1640,1620
2024-12-28,Pumpkin,84,Uttar Pradesh,9,Ghazipur,195,1650,1690,1670
2024-12-27,Pumpkin,84,Uttar Pradesh,9,Ghazipur,195,1620,1700,1670
2024-12-26,Pumpkin,84,Uttar Pradesh,9,Ghazipur,195,1650,1700,1675
2024-12-25,Pumpkin,84,Uttar Pradesh,9,Ghazipur,195,1630,1700,1670
2024-12-24,Pumpkin,84,Uttar Pradesh,9,Ghazipur,195,1650,1695,1675
2024-12-13,Pumpkin,84,Uttar Pradesh,9,Ghazipur,195,1680,1720,1700
2024-12-12,Pumpkin,84,Uttar Pradesh,9,Ghazipur,195,1680,1720,1700
2024-12-11,Pumpkin,84,Uttar Pradesh,9,Ghazipur,195,1670,1730,1700
2024-12-10,Pumpkin,84,Uttar Pradesh,9,Ghazipur,195,1580,1620,1600
2024-12-09,Pumpkin,84,Uttar Pradesh,9,Ghazipur,195,1570,1630,1600
2024-12-05,Pumpkin,84,Uttar Pradesh,9,Ghazipur,195,1380,1440,1410
2024-12-04,Pumpkin,84,Uttar Pradesh,9,Ghazipur,195,1380,1440,1410
2024-12-03,Pumpkin,84,Uttar Pradesh,9,Ghazipur,195,1390,1430,1410
2024-11-30,Pumpkin,84,Uttar Pradesh,9,Ghazipur,195,1360,1400,1380
2024-11-29,Pumpkin,84,Uttar Pradesh,9,Ghazipur,195,1350,1410,1380
2024-11-28,Pumpkin,84,Uttar Pradesh,9,Ghazipur,195,1360,1400,1380
2024-11-27,Pumpkin,84,Uttar Pradesh,9,Ghazipur,195,1360,1400,1380
2024-11-26,Pumpkin,84,Uttar Pradesh,9,Ghazipur,195,1360,1400,1380
2024-11-25,Pumpkin,84,Uttar Pradesh,9,Ghazipur,195,1350,1410,1380
2024-11-23,Pumpkin,84,Uttar Pradesh,9,Ghazipur,195,1340,1400,1370
2024-11-22,Pumpkin,84,Uttar Pradesh,9,Ghazipur,195,1340,1400,1370
2024-11-21,Pumpkin,84,Uttar Pradesh,9,Ghazipur,195,1340,1380,1360
2024-11-20,Pumpkin,84,Uttar Pradesh,9,Ghazipur,195,1340,1380,1360
2024-11-19,Pumpkin,84,Uttar Pradesh,9,Ghazipur,195,1330,1390,1360
2024-11-18,Pumpkin,84,Uttar Pradesh,9,Ghazipur,195,1440,1480,1460
2024-11-16,Pumpkin,84,Uttar Pradesh,9,Ghazipur,195,1440,1480,1460
2024-11-15,Pumpkin,84,Uttar Pradesh,9,Ghazipur,195,1430,1490,1460
2024-11-14,Pumpkin,84,Uttar Pradesh,9,Ghazipur,195,1430,1490,1460
2024-11-13,Pumpkin,84,Uttar Pradesh,9,Ghazipur,195,1430,1490,1460
2024-11-11,Pumpkin,84,Uttar Pradesh,9,Ghazipur,195,1440,1480,1460
2024-11-09,Pumpkin,84,Uttar Pradesh,9,Ghazipur,195,1430,1490,1460
2024-11-08,Pumpkin,84,Uttar Pradesh,9,Ghazipur,195,1430,1490,1460
2024-11-07,Pumpkin,84,Uttar Pradesh,9,Ghazipur,195,1430,1470,1450
2024-11-06,Pumpkin,84,Uttar Pradesh,9,Ghazipur,195,1430,1470,1450
2024-11-05,Pumpkin,84,Uttar Pradesh,9,Ghazipur,195,1430,1470,1450
2024-11-04,Pumpkin,84,Uttar Pradesh,9,Ghazipur,195,1420,1480,1450
2024-11-02,Pumpkin,84,Uttar Pradesh,9,Ghazipur,195,1380,1420,1400
2024-11-01,Pumpkin,84,Uttar Pradesh,9,Ghazipur,195,1380,1420,1400
2024-10-30,Pumpkin,84,Uttar Pradesh,9,Ghazipur,195,1370,1430,1400
2024-10-29,Pumpkin,84,Uttar Pradesh,9,Ghazipur,195,1370,1430,1400
2024-10-28,Pumpkin,84,Uttar Pradesh,9,Ghazipur,195,1380,1420,1400
2024-10-26,Pumpkin,84,Uttar Pradesh,9,Ghazipur,195,1400,1460,1430
2024-10-25,Pumpkin,84,Uttar Pradesh,9,Ghazipur,195,1400,1460,1430
2024-10-24,Pumpkin,84,Uttar Pradesh,9,Ghazipur,195,1400,1440,1420
2024-10-23,Pumpkin,84,Uttar Pradesh,9,Ghazipur,195,1380,1460,1420
2024-10-22,Pumpkin,84,Uttar Pradesh,9,Ghazipur,195,1400,1440,1420
2024-10-21,Pumpkin,84,Uttar Pradesh,9,Ghazipur,195,1450,1510,1480
2024-10-19,Pumpkin,84,Uttar Pradesh,9,Ghazipur,195,1450,1510,1480
2024-10-18,Pumpkin,84,Uttar Pradesh,9,Ghazipur,195,1460,1500,1480
2024-10-17,Pumpkin,84,Uttar Pradesh,9,Ghazipur,195,1460,1500,1480
2024-10-16,Pumpkin,84,Uttar Pradesh,9,Ghazipur,195,1450,1500,1480
2024-10-15,Pumpkin,84,Uttar Pradesh,9,Ghazipur,195,1450,1530,1500
2024-10-14,Pumpkin,84,Uttar Pradesh,9,Ghazipur,195,1450,1500,1470
2024-10-10,Pumpkin,84,Uttar Pradesh,9,Ghazipur,195,1500,1600,1540
2024-10-09,Pumpkin,84,Uttar Pradesh,9,Ghazipur,195,1550,1650,1600
2024-10-08,Pumpkin,84,Uttar Pradesh,9,Ghazipur,195,1500,1580,1550
2024-10-07,Pumpkin,84,Uttar Pradesh,9,Ghazipur,195,1450,1550,1500
2024-10-04,Pumpkin,84,Uttar Pradesh,9,Ghazipur,195,1320,1400,1360
2024-10-03,Pumpkin,84,Uttar Pradesh,9,Ghazipur,195,1320,1380,1350
2024-10-02,Pumpkin,84,Uttar Pradesh,9,Ghazipur,195,1310,1370,1340
2024-10-01,Pumpkin,84,Uttar Pradesh,9,Ghazipur,195,1300,1340,1320
2024-09-30,Pumpkin,84,Uttar Pradesh,9,Ghazipur,195,1300,1360,1320
2024-09-28,Pumpkin,84,Uttar Pradesh,9,Ghazipur,195,1300,1340,1320
2024-09-27,Pumpkin,84,Uttar Pradesh,9,Ghazipur,195,1300,1340,1320
2024-09-26,Pumpkin,84,Uttar Pradesh,9,Ghazipur,195,1350,1410,1380
2024-09-25,Pumpkin,84,Uttar Pradesh,9,Ghazipur,195,1360,1420,1380
2024-09-24,Pumpkin,84,Uttar Pradesh,9,Ghazipur,195,1500,1540,1520
2024-09-21,Pumpkin,84,Uttar Pradesh,9,Ghazipur,195,1500,1540,1520
2024-09-20,Pumpkin,84,Uttar Pradesh,9,Ghazipur,195,1500,1540,1520
2024-09-19,Pumpkin,84,Uttar Pradesh,9,Ghazipur,195,1500,1540,1520
2024-09-18,Pumpkin,84,Uttar Pradesh,9,Ghazipur,195,1400,1550,1510
2024-09-17,Pumpkin,84,Uttar Pradesh,9,Ghazipur,195,1480,1520,1500
2024-09-16,Pumpkin,84,Uttar Pradesh,9,Ghazipur,195,1470,1530,1500
2024-09-13,Pumpkin,84,Uttar Pradesh,9,Ghazipur,195,1480,1520,1500
2024-09-12,Pumpkin,84,Uttar Pradesh,9,Ghazipur,195,1540,1600,1570
2024-09-11,Pumpkin,84,Uttar Pradesh,9,Ghazipur,195,1550,1590,1570
2024-09-10,Pumpkin,84,Uttar Pradesh,9,Ghazipur,195,1540,1600,1570
2024-09-09,Pumpkin,84,Uttar Pradesh,9,Ghazipur,195,1630,1670,1650
2024-09-07,Pumpkin,84,Uttar Pradesh,9,Ghazipur,195,1630,1680,1650
2024-09-06,Pumpkin,84,Uttar Pradesh,9,Ghazipur,195,1620,1680,1650
2024-09-05,Pumpkin,84,Uttar Pradesh,9,Ghazipur,195,1630,1670,1650
2024-09-04,Pumpkin,84,Uttar Pradesh,9,Ghazipur,195,1620,1680,1650
2024-09-03,Pumpkin,84,Uttar Pradesh,9,Ghazipur,195,1600,1700,1650
2024-09-02,Pumpkin,84,Uttar Pradesh,9,Ghazipur,195,1530,1590,1560
2024-08-31,Pumpkin,84,Uttar Pradesh,9,Ghazipur,195,1540,1580,1560
2024-08-30,Pumpkin,84,Uttar Pradesh,9,Ghazipur,195,1540,1580,1560
2024-08-29,Pumpkin,84,Uttar Pradesh,9,Ghazipur,195,1560,1600,1580
2024-08-28,Pumpkin,84,Uttar Pradesh,9,Ghazipur,195,1550,1610,1580
2024-08-27,Pumpkin,84,Uttar Pradesh,9,Ghazipur,195,1620,1660,1640
2024-08-26,Pumpkin,84,Uttar Pradesh,9,Ghazipur,195,1610,1670,1640
2024-08-24,Pumpkin,84,Uttar Pradesh,9,Ghazipur,195,1620,1660,1640
2024-08-23,Pumpkin,84,Uttar Pradesh,9,Ghazipur,195,1620,1680,1640
2024-08-22,Pumpkin,84,Uttar Pradesh,9,Ghazipur,195,1610,1670,1640
2024-08-21,Pumpkin,84,Uttar Pradesh,9,Ghazipur,195,1630,1670,1650
2024-08-14,Pumpkin,84,Uttar Pradesh,9,Ghazipur,195,1380,1430,1410
2024-08-13,Pumpkin,84,Uttar Pradesh,9,Ghazipur,195,1380,1440,1410
2024-08-12,Pumpkin,84,Uttar Pradesh,9,Ghazipur,195,1380,1440,1410
2024-08-10,Pumpkin,84,Uttar Pradesh,9,Ghazipur,195,1380,1420,1400
2024-08-09,Pumpkin,84,Uttar Pradesh,9,Ghazipur,195,1460,1500,1480
2024-08-08,Pumpkin,84,Uttar Pradesh,9,Ghazipur,195,1460,1500,1480
2024-08-07,Pumpkin,84,Uttar Pradesh,9,Ghazipur,195,1460,1500,1480
2024-08-06,Pumpkin,84,Uttar Pradesh,9,Ghazipur,195,1450,1510,1480
2024-08-05,Pumpkin,84,Uttar Pradesh,9,Ghazipur,195,1460,1500,1480
2024-07-31,Pumpkin,84,Uttar Pradesh,9,Ghazipur,195,1480,1530,1510
2024-07-30,Pumpkin,84,Uttar Pradesh,9,Ghazipur,195,1480,1525,1510
2024-07-27,Pumpkin,84,Uttar Pradesh,9,Ghazipur,195,1480,1540,1510
2024-07-26,Pumpkin,84,Uttar Pradesh,9,Ghazipur,195,1470,1520,1500
2024-07-25,Pumpkin,84,Uttar Pradesh,9,Ghazipur,195,1480,1530,1500
2024-07-24,Pumpkin,84,Uttar Pradesh,9,Ghazipur,195,1480,1520,1500
2024-07-23,Pumpkin,84,Uttar Pradesh,9,Ghazipur,195,1470,1530,1500
2024-07-22,Pumpkin,84,Uttar Pradesh,9,Ghazipur,195,1470,1530,1500
2024-07-20,Pumpkin,84,Uttar Pradesh,9,Ghazipur,195,1820,1860,1840
2024-07-19,Pumpkin,84,Uttar Pradesh,9,Ghazipur,195,1820,1860,1840
2024-07-18,Pumpkin,84,Uttar Pradesh,9,Ghazipur,195,1870,1910,1890
2024-07-17,Pumpkin,84,Uttar Pradesh,9,Ghazipur,195,1860,1920,1890
2024-07-16,Pumpkin,84,Uttar Pradesh,9,Ghazipur,195,1880,1920,1900
2024-07-15,Pumpkin,84,Uttar Pradesh,9,Ghazipur,195,1780,1820,1800
2024-07-14,Pumpkin,84,Uttar Pradesh,9,Ghazipur,195,1770,1830,1800
2024-07-12,Pumpkin,84,Uttar Pradesh,9,Ghazipur,195,1750,1810,1780
2024-07-11,Pumpkin,84,Uttar Pradesh,9,Ghazipur,195,1650,1710,1680
2024-07-10,Pumpkin,84,Uttar Pradesh,9,Ghazipur,195,1660,1700,1680
2024-07-09,Pumpkin,84,Uttar Pradesh,9,Ghazipur,195,1650,1700,1680
2024-07-08,Pumpkin,84,Uttar Pradesh,9,Ghazipur,195,1650,1690,1670
2024-07-05,Pumpkin,84,Uttar Pradesh,9,Ghazipur,195,1630,1680,1660
2024-07-04,Pumpkin,84,Uttar Pradesh,9,Ghazipur,195,1450,1510,1480
2024-07-03,Pumpkin,84,Uttar Pradesh,9,Ghazipur,195,1450,1510,1480
2024-07-01,Pumpkin,84,Uttar Pradesh,9,Ghazipur,195,1440,1500,1470
2024-06-29,Pumpkin,84,Uttar Pradesh,9,Ghazipur,195,1450,1490,1470
2024-05-14,Pumpkin,84,Uttar Pradesh,9,Ghazipur,195,1190,1250,1220
2024-05-13,Pumpkin,84,Uttar Pradesh,9,Ghazipur,195,1190,1250,1220
2024-05-11,Pumpkin,84,Uttar Pradesh,9,Ghazipur,195,1220,1260,1240
2024-05-10,Pumpkin,84,Uttar Pradesh,9,Ghazipur,195,1210,1270,1240
2024-05-09,Pumpkin,84,Uttar Pradesh,9,Ghazipur,195,1200,1240,1220
2024-05-08,Pumpkin,84,Uttar Pradesh,9,Ghazipur,195,1200,1240,1220
2024-05-07,Pumpkin,84,Uttar Pradesh,9,Ghazipur,195,1190,1250,1220
2024-05-06,Pumpkin,84,Uttar Pradesh,9,Ghazipur,195,1200,1240,1220
2024-05-04,Pumpkin,84,Uttar Pradesh,9,Ghazipur,195,1170,1230,1200
2024-05-03,Pumpkin,84,Uttar Pradesh,9,Ghazipur,195,1180,1220,1200
2024-05-02,Pumpkin,84,Uttar Pradesh,9,Ghazipur,195,1180,1220,1200
2024-05-01,Pumpkin,84,Uttar Pradesh,9,Ghazipur,195,1170,1230,1200
2024-04-30,Pumpkin,84,Uttar Pradesh,9,Ghazipur,195,1170,1230,1200
2024-04-29,Pumpkin,84,Uttar Pradesh,9,Ghazipur,195,1170,1240,1200
2024-04-27,Pumpkin,84,Uttar Pradesh,9,Ghazipur,195,1170,1230,1200
2024-04-26,Pumpkin,84,Uttar Pradesh,9,Ghazipur,195,1180,1220,1200
2024-04-25,Pumpkin,84,Uttar Pradesh,9,Ghazipur,195,1180,1225,1200
2024-04-24,Pumpkin,84,Uttar Pradesh,9,Ghazipur,195,1200,1250,1225
2024-04-23,Pumpkin,84,Uttar Pradesh,9,Ghazipur,195,1205,1245,1225
2024-04-22,Pumpkin,84,Uttar Pradesh,9,Ghazipur,195,1210,1270,1240
2024-04-20,Pumpkin,84,Uttar Pradesh,9,Ghazipur,195,1220,1260,1240
2024-04-19,Pumpkin,84,Uttar Pradesh,9,Ghazipur,195,1220,1260,1240
2024-04-16,Pumpkin,84,Uttar Pradesh,9,Ghazipur,195,1240,1300,1270
2024-04-15,Pumpkin,84,Uttar Pradesh,9,Ghazipur,195,1250,1300,1270
2024-04-13,Pumpkin,84,Uttar Pradesh,9,Ghazipur,195,1250,1300,1280
2024-04-12,Pumpkin,84,Uttar Pradesh,9,Ghazipur,195,1270,1310,1290
2024-04-11,Pumpkin,84,Uttar Pradesh,9,Ghazipur,195,1370,1430,1400
2024-04-10,Pumpkin,84,Uttar Pradesh,9,Ghazipur,195,1370,1430,1400
2024-04-08,Pumpkin,84,Uttar Pradesh,9,Ghazipur,195,1450,1500,1470
2024-04-06,Pumpkin,84,Uttar Pradesh,9,Ghazipur,195,1480,1520,1500
2024-04-05,Pumpkin,84,Uttar Pradesh,9,Ghazipur,195,1460,1530,1500
2024-04-04,Pumpkin,84,Uttar Pradesh,9,Ghazipur,195,1500,1540,1520
2024-04-03,Pumpkin,84,Uttar Pradesh,9,Ghazipur,195,1500,1540,1520
2024-04-02,Pumpkin,84,Uttar Pradesh,9,Ghazipur,195,1500,1540,1520
2024-04-01,Pumpkin,84,Uttar Pradesh,9,Ghazipur,195,1620,1660,1640
2024-03-30,Pumpkin,84,Uttar Pradesh,9,Ghazipur,195,1610,1670,1640
2024-03-29,Pumpkin,84,Uttar Pradesh,9,Ghazipur,195,1650,1690,1670
2024-03-28,Pumpkin,84,Uttar Pradesh,9,Ghazipur,195,1660,1680,1670
2024-03-27,Pumpkin,84,Uttar Pradesh,9,Ghazipur,195,1640,1700,1670
2024-03-26,Pumpkin,84,Uttar Pradesh,9,Ghazipur,195,1640,1680,1660
2024-03-23,Pumpkin,84,Uttar Pradesh,9,Ghazipur,195,1650,1670,1660
2024-03-22,Pumpkin,84,Uttar Pradesh,9,Ghazipur,195,1600,1660,1640
2024-03-21,Pumpkin,84,Uttar Pradesh,9,Ghazipur,195,1570,1630,1600
2024-03-20,Pumpkin,84,Uttar Pradesh,9,Ghazipur,195,1580,1620,1600
2024-03-19,Pumpkin,84,Uttar Pradesh,9,Ghazipur,195,1580,1620,1600
2024-03-18,Pumpkin,84,Uttar Pradesh,9,Ghazipur,195,1570,1630,1600
2024-03-16,Pumpkin,84,Uttar Pradesh,9,Ghazipur,195,1580,1620,1600
2024-03-15,Pumpkin,84,Uttar Pradesh,9,Ghazipur,195,1570,1630,1600
2024-03-14,Pumpkin,84,Uttar Pradesh,9,Ghazipur,195,1580,1620,1600
2024-03-13,Pumpkin,84,Uttar Pradesh,9,Ghazipur,195,1580,1620,1600
2024-03-12,Pumpkin,84,Uttar Pradesh,9,Ghazipur,195,1570,1630,1600
2024-03-11,Pumpkin,84,Uttar Pradesh,9,Ghazipur,195,1680,1720,1700
2024-03-09,Pumpkin,84,Uttar Pradesh,9,Ghazipur,195,1670,1730,1700
2024-03-08,Pumpkin,84,Uttar Pradesh,9,Ghazipur,195,1670,1730,1700
2024-03-07,Pumpkin,84,Uttar Pradesh,9,Ghazipur,195,1680,1720,1700
2024-03-06,Pumpkin,84,Uttar Pradesh,9,Ghazipur,195,1670,1730,1700
2024-03-05,Pumpkin,84,Uttar Pradesh,9,Ghazipur,195,1660,1700,1680
2024-03-04,Pumpkin,84,Uttar Pradesh,9,Ghazipur,195,1650,1700,1680
2024-03-02,Pumpkin,84,Uttar Pradesh,9,Ghazipur,195,1660,1700,1680
2024-03-01,Pumpkin,84,Uttar Pradesh,9,Ghazipur,195,1650,1710,1680
2024-02-29,Pumpkin,84,Uttar Pradesh,9,Ghazipur,195,1660,1700,1680
2024-02-28,Pumpkin,84,Uttar Pradesh,9,Ghazipur,195,1650,1710,1680
2024-02-27,Pumpkin,84,Uttar Pradesh,9,Ghazipur,195,1650,1710,1680
2024-02-26,Pumpkin,84,Uttar Pradesh,9,Ghazipur,195,1580,1620,1600
2024-02-24,Pumpkin,84,Uttar Pradesh,9,Ghazipur,195,1580,1640,1610
2024-02-23,Pumpkin,84,Uttar Pradesh,9,Ghazipur,195,1590,1630,1610
2024-02-22,Pumpkin,84,Uttar Pradesh,9,Ghazipur,195,1580,1650,1610
2024-02-21,Pumpkin,84,Uttar Pradesh,9,Ghazipur,195,1580,1620,1600
2024-02-20,Pumpkin,84,Uttar Pradesh,9,Ghazipur,195,1570,1630,1600
2024-02-19,Pumpkin,84,Uttar Pradesh,9,Ghazipur,195,1650,1690,1670
2024-02-16,Pumpkin,84,Uttar Pradesh,9,Ghazipur,195,1660,1700,1680
2024-02-14,Pumpkin,84,Uttar Pradesh,9,Ghazipur,195,1510,1550,1530
2024-02-13,Pumpkin,84,Uttar Pradesh,9,Ghazipur,195,1500,1580,1530
2024-02-12,Pumpkin,84,Uttar Pradesh,9,Ghazipur,195,1500,1600,1550
2024-02-09,Pumpkin,84,Uttar Pradesh,9,Ghazipur,195,1520,1580,1550
2024-02-08,Pumpkin,84,Uttar Pradesh,9,Ghazipur,195,1530,1570,1550
2024-02-07,Pumpkin,84,Uttar Pradesh,9,Ghazipur,195,1520,1580,1550
2024-02-06,Pumpkin,84,Uttar Pradesh,9,Ghazipur,195,1520,1580,1550
2024-02-05,Pumpkin,84,Uttar Pradesh,9,Ghazipur,195,1540,1590,1560
2024-02-03,Pumpkin,84,Uttar Pradesh,9,Ghazipur,195,1540,1680,1560
2024-02-02,Pumpkin,84,Uttar Pradesh,9,Ghazipur,195,1520,1580,1550
2024-02-01,Pumpkin,84,Uttar Pradesh,9,Ghazipur,195,1530,1570,1550
2024-01-31,Pumpkin,84,Uttar Pradesh,9,Ghazipur,195,1530,1570,1550
2024-01-30,Pumpkin,84,Uttar Pradesh,9,Ghazipur,195,1520,1580,1550
2024-01-29,Pumpkin,84,Uttar Pradesh,9,Ghazipur,195,1530,1570,1550
2024-01-27,Pumpkin,84,Uttar Pradesh,9,Ghazipur,195,1530,1570,1550
2024-01-26,Pumpkin,84,Uttar Pradesh,9,Ghazipur,195,1530,1550,1540
2024-01-24,Pumpkin,84,Uttar Pradesh,9,Ghazipur,195,1510,1570,1540
2024-01-23,Pumpkin,84,Uttar Pradesh,9,Ghazipur,195,1450,1490,1470
2024-01-22,Pumpkin,84,Uttar Pradesh,9,Ghazipur,195,1440,1500,1470
2024-01-20,Pumpkin,84,Uttar Pradesh,9,Ghazipur,195,1450,1490,1470
2024-01-19,Pumpkin,84,Uttar Pradesh,9,Ghazipur,195,1450,1500,1470
2024-01-18,Pumpkin,84,Uttar Pradesh,9,Ghazipur,195,1450,1490,1470
2024-01-17,Pumpkin,84,Uttar Pradesh,9,Ghazipur,195,1440,1500,1470
2024-01-16,Pumpkin,84,Uttar Pradesh,9,Ghazipur,195,1450,1490,1470
2024-01-15,Pumpkin,84,Uttar Pradesh,9,Ghazipur,195,1450,1490,1470
2024-01-13,Pumpkin,84,Uttar Pradesh,9,Ghazipur,195,1440,1500,1470
2024-01-12,Pumpkin,84,Uttar Pradesh,9,Ghazipur,195,1450,1490,1470
2024-01-11,Pumpkin,84,Uttar Pradesh,9,Ghazipur,195,1430,1470,1450
2024-01-10,Pumpkin,84,Uttar Pradesh,9,Ghazipur,195,1420,1480,1450
2024-01-09,Pumpkin,84,Uttar Pradesh,9,Ghazipur,195,1380,1420,1400
2024-01-08,Pumpkin,84,Uttar Pradesh,9,Ghazipur,195,1380,1420,1400
2024-01-06,Pumpkin,84,Uttar Pradesh,9,Ghazipur,195,1370,1430,1400
2024-01-05,Pumpkin,84,Uttar Pradesh,9,Ghazipur,195,1390,1430,1410
2024-01-04,Pumpkin,84,Uttar Pradesh,9,Ghazipur,195,1200,1260,1230
2024-01-03,Pumpkin,84,Uttar Pradesh,9,Ghazipur,195,1210,1250,1230
2024-01-02,Pumpkin,84,Uttar Pradesh,9,Ghazipur,195,1220,1240,1230
2024-01-01,Pumpkin,84,Uttar Pradesh,9,Ghazipur,195,1200,1250,1230
2023-12-30,Pumpkin,84,Uttar Pradesh,9,Ghazipur,195,1220,1260,1240
2023-12-29,Pumpkin,84,Uttar Pradesh,9,Ghazipur,195,1230,1250,1240
2023-12-28,Pumpkin,84,Uttar Pradesh,9,Ghazipur,195,1220,1280,1250
2023-12-27,Pumpkin,84,Uttar Pradesh,9,Ghazipur,195,1230,1270,1250
2023-12-23,Pumpkin,84,Uttar Pradesh,9,Ghazipur,195,1230,1250,1240
2023-12-22,Pumpkin,84,Uttar Pradesh,9,Ghazipur,195,1220,1260,1240
2023-12-21,Pumpkin,84,Uttar Pradesh,9,Ghazipur,195,1210,1270,1240
2023-12-20,Pumpkin,84,Uttar Pradesh,9,Ghazipur,195,1130,1180,1150
2023-12-19,Pumpkin,84,Uttar Pradesh,9,Ghazipur,195,1150,1210,1180
2023-12-18,Pumpkin,84,Uttar Pradesh,9,Ghazipur,195,1160,1200,1180
2023-12-16,Pumpkin,84,Uttar Pradesh,9,Ghazipur,195,1150,1210,1180
2023-12-15,Pumpkin,84,Uttar Pradesh,9,Ghazipur,195,1160,1200,1180
2023-12-14,Pumpkin,84,Uttar Pradesh,9,Ghazipur,195,1190,1210,1200
2023-12-13,Pumpkin,84,Uttar Pradesh,9,Ghazipur,195,1180,1220,1200
2023-12-12,Pumpkin,84,Uttar Pradesh,9,Ghazipur,195,1180,1220,1200
2023-12-11,Pumpkin,84,Uttar Pradesh,9,Ghazipur,195,1170,1230,1200
2023-12-09,Pumpkin,84,Uttar Pradesh,9,Ghazipur,195,1180,1220,1200
2023-12-08,Pumpkin,84,Uttar Pradesh,9,Ghazipur,195,1170,1230,1200
2023-12-07,Pumpkin,84,Uttar Pradesh,9,Ghazipur,195,1100,1140,1120
2023-12-06,Pumpkin,84,Uttar Pradesh,9,Ghazipur,195,1100,1140,1120
2023-12-04,Pumpkin,84,Uttar Pradesh,9,Ghazipur,195,1080,1120,1100
2023-12-02,Pumpkin,84,Uttar Pradesh,9,Ghazipur,195,1140,1160,1150
2023-11-30,Pumpkin,84,Uttar Pradesh,9,Ghazipur,195,1030,1070,1050
2023-11-29,Pumpkin,84,Uttar Pradesh,9,Ghazipur,195,1030,1070,1050
2023-11-28,Pumpkin,84,Uttar Pradesh,9,Ghazipur,195,1130,1170,1150
2023-11-25,Pumpkin,84,Uttar Pradesh,9,Ghazipur,195,1160,1180,1170
2023-11-24,Pumpkin,84,Uttar Pradesh,9,Ghazipur,195,1150,1190,1170
2023-11-23,Pumpkin,84,Uttar Pradesh,9,Ghazipur,195,1150,1190,1170
2023-11-22,Pumpkin,84,Uttar Pradesh,9,Ghazipur,195,1160,1180,1170
2023-11-21,Pumpkin,84,Uttar Pradesh,9,Ghazipur,195,1150,1190,1170
2023-11-20,Pumpkin,84,Uttar Pradesh,9,Ghazipur,195,1150,1190,1170
2023-11-18,Pumpkin,84,Uttar Pradesh,9,Ghazipur,195,1080,1120,1100
2023-11-17,Pumpkin,84,Uttar Pradesh,9,Ghazipur,195,1080,1120,1100
2023-11-14,Pumpkin,84,Uttar Pradesh,9,Ghazipur,195,1430,1470,1450
2023-11-13,Pumpkin,84,Uttar Pradesh,9,Ghazipur,195,1370,1430,1400
2023-11-10,Pumpkin,84,Uttar Pradesh,9,Ghazipur,195,1360,1400,1380
2023-11-09,Pumpkin,84,Uttar Pradesh,9,Ghazipur,195,1350,1410,1380
2023-11-08,Pumpkin,84,Uttar Pradesh,9,Ghazipur,195,1330,1370,1350
2023-11-07,Pumpkin,84,Uttar Pradesh,9,Ghazipur,195,1220,1280,1250
2023-11-06,Pumpkin,84,Uttar Pradesh,9,Ghazipur,195,1270,1330,1300
2023-11-04,Pumpkin,84,Uttar Pradesh,9,Ghazipur,195,1280,1320,1300
2023-11-03,Pumpkin,84,Uttar Pradesh,9,Ghazipur,195,1280,1330,1300
2023-11-02,Pumpkin,84,Uttar Pradesh,9,Ghazipur,195,1300,1360,1340
2023-11-01,Pumpkin,84,Uttar Pradesh,9,Ghazipur,195,1300,1350,1320
2023-10-31,Pumpkin,84,Uttar Pradesh,9,Ghazipur,195,1310,1340,1325
2023-10-30,Pumpkin,84,Uttar Pradesh,9,Ghazipur,195,1300,1350,1325
2023-10-28,Pumpkin,84,Uttar Pradesh,9,Ghazipur,195,1300,1350,1325
2023-10-27,Pumpkin,84,Uttar Pradesh,9,Ghazipur,195,1300,1350,1320
2023-10-26,Pumpkin,84,Uttar Pradesh,9,Ghazipur,195,1300,1350,1330
2023-10-25,Pumpkin,84,Uttar Pradesh,9,Ghazipur,195,1300,1350,1325
2023-10-24,Pumpkin,84,Uttar Pradesh,9,Ghazipur,195,1300,1350,1320
2023-10-21,Pumpkin,84,Uttar Pradesh,9,Ghazipur,195,1300,1350,1320
2023-10-20,Pumpkin,84,Uttar Pradesh,9,Ghazipur,195,1300,1350,1325
2023-10-19,Pumpkin,84,Uttar Pradesh,9,Ghazipur,195,1300,1350,1330
2023-10-18,Pumpkin,84,Uttar Pradesh,9,Ghazipur,195,1300,1350,1325
2023-10-17,Pumpkin,84,Uttar Pradesh,9,Ghazipur,195,1300,1350,1320
2023-10-16,Pumpkin,84,Uttar Pradesh,9,Ghazipur,195,1300,1350,1320
2023-10-14,Pumpkin,84,Uttar Pradesh,9,Ghazipur,195,2600,2700,2630
2023-10-09,Pumpkin,84,Uttar Pradesh,9,Ghazipur,195,1250,1290,1270
2023-10-07,Pumpkin,84,Uttar Pradesh,9,Ghazipur,195,1260,1300,1280
2023-10-06,Pumpkin,84,Uttar Pradesh,9,Ghazipur,195,1250,1300,1280
2023-10-05,Pumpkin,84,Uttar Pradesh,9,Ghazipur,195,1200,1250,1220
2023-10-04,Pumpkin,84,Uttar Pradesh,9,Ghazipur,195,1230,1270,1250
2023-09-30,Pumpkin,84,Uttar Pradesh,9,Ghazipur,195,1260,1300,1280
2023-09-29,Pumpkin,84,Uttar Pradesh,9,Ghazipur,195,1260,1300,1280
2023-09-28,Pumpkin,84,Uttar Pradesh,9,Ghazipur,195,1210,2170,1240
2023-09-27,Pumpkin,84,Uttar Pradesh,9,Ghazipur,195,1220,1260,1240
2023-09-26,Pumpkin,84,Uttar Pradesh,9,Ghazipur,195,1210,1270,1240
2023-09-25,Pumpkin,84,Uttar Pradesh,9,Ghazipur,195,1160,1200,1180
2023-09-23,Pumpkin,84,Uttar Pradesh,9,Ghazipur,195,1150,1210,1180
2023-09-22,Pumpkin,84,Uttar Pradesh,9,Ghazipur,195,1160,1200,1180
2023-09-21,Pumpkin,84,Uttar Pradesh,9,Ghazipur,195,1220,1280,1250
2023-09-20,Pumpkin,84,Uttar Pradesh,9,Ghazipur,195,1230,1270,1250
2023-09-19,Pumpkin,84,Uttar Pradesh,9,Ghazipur,195,1250,1290,1270
2023-09-18,Pumpkin,84,Uttar Pradesh,9,Ghazipur,195,1260,1310,1285
2023-09-16,Pumpkin,84,Uttar Pradesh,9,Ghazipur,195,1250,1310,1280
2023-09-15,Pumpkin,84,Uttar Pradesh,9,Ghazipur,195,1260,1300,1280
2023-09-14,Pumpkin,84,Uttar Pradesh,9,Ghazipur,195,1280,1320,1300
2023-09-13,Pumpkin,84,Uttar Pradesh,9,Ghazipur,195,1270,1330,1300
2023-09-12,Pumpkin,84,Uttar Pradesh,9,Ghazipur,195,1280,1320,1300
2023-09-11,Pumpkin,84,Uttar Pradesh,9,Ghazipur,195,1300,1370,1330
2023-09-09,Pumpkin,84,Uttar Pradesh,9,Ghazipur,195,1300,1350,1320
2023-09-08,Pumpkin,84,Uttar Pradesh,9,Ghazipur,195,1300,1400,1350
2023-09-07,Pumpkin,84,Uttar Pradesh,9,Ghazipur,195,1320,1400,1370
2023-09-06,Pumpkin,84,Uttar Pradesh,9,Ghazipur,195,1350,1440,1400
2023-09-05,Pumpkin,84,Uttar Pradesh,9,Ghazipur,195,1400,1450,1425
2023-09-04,Pumpkin,84,Uttar Pradesh,9,Ghazipur,195,1450,1550,1500
2023-08-24,Pumpkin,84,Uttar Pradesh,9,Ghazipur,195,1470,1530,1500
2023-08-23,Pumpkin,84,Uttar Pradesh,9,Ghazipur,195,1480,1520,1500
2023-08-22,Pumpkin,84,Uttar Pradesh,9,Ghazipur,195,1470,1530,1500
2023-08-19,Pumpkin,84,Uttar Pradesh,9,Ghazipur,195,1540,1580,1560
2023-08-18,Pumpkin,84,Uttar Pradesh,9,Ghazipur,195,1530,1590,1560
2023-08-17,Pumpkin,84,Uttar Pradesh,9,Ghazipur,195,1540,1580,1560
2023-08-16,Pumpkin,84,Uttar Pradesh,9,Ghazipur,195,1530,1590,1560
2023-08-15,Pumpkin,84,Uttar Pradesh,9,Ghazipur,195,1540,1580,1560
2023-08-14,Pumpkin,84,Uttar Pradesh,9,Ghazipur,195,1460,1500,1480
2023-08-12,Pumpkin,84,Uttar Pradesh,9,Ghazipur,195,1450,1510,1480
2023-08-11,Pumpkin,84,Uttar Pradesh,9,Ghazipur,195,1460,1500,1480
2023-08-10,Pumpkin,84,Uttar Pradesh,9,Ghazipur,195,1450,1510,1480
2023-08-09,Pumpkin,84,Uttar Pradesh,9,Ghazipur,195,1460,1510,1485
2023-08-08,Pumpkin,84,Uttar Pradesh,9,Ghazipur,195,1170,1200,1185
2023-08-07,Pumpkin,84,Uttar Pradesh,9,Ghazipur,195,1470,1530,1500
2023-08-05,Pumpkin,84,Uttar Pradesh,9,Ghazipur,195,1520,1560,1540
2023-08-04,Pumpkin,84,Uttar Pradesh,9,Ghazipur,195,1510,1570,1540
2023-08-03,Pumpkin,84,Uttar Pradesh,9,Ghazipur,195,1620,1680,1650
2023-08-02,Pumpkin,84,Uttar Pradesh,9,Ghazipur,195,1630,1670,1650
2023-08-01,Pumpkin,84,Uttar Pradesh,9,Ghazipur,195,1620,1680,1650
2023-07-31,Pumpkin,84,Uttar Pradesh,9,Ghazipur,195,1630,1670,1650
2023-07-29,Pumpkin,84,Uttar Pradesh,9,Ghazipur,195,1620,1680,1650
2023-07-28,Pumpkin,84,Uttar Pradesh,9,Ghazipur,195,1660,1700,1680
2023-07-27,Pumpkin,84,Uttar Pradesh,9,Ghazipur,195,1650,1710,1680
2023-07-26,Pumpkin,84,Uttar Pradesh,9,Ghazipur,195,1660,1700,1680
2023-07-25,Pumpkin,84,Uttar Pradesh,9,Ghazipur,195,1670,1730,1700
2023-07-24,Pumpkin,84,Uttar Pradesh,9,Ghazipur,195,1680,1720,1700
2023-07-22,Pumpkin,84,Uttar Pradesh,9,Ghazipur,195,1560,1600,1580
2023-07-21,Pumpkin,84,Uttar Pradesh,9,Ghazipur,195,1560,1600,1580
2023-07-20,Pumpkin,84,Uttar Pradesh,9,Ghazipur,195,1550,1610,1580
2023-07-19,Pumpkin,84,Uttar Pradesh,9,Ghazipur,195,1560,1600,1580
2023-07-18,Pumpkin,84,Uttar Pradesh,9,Ghazipur,195,1550,1610,1580
2023-07-17,Pumpkin,84,Uttar Pradesh,9,Ghazipur,195,1560,1600,1580
2023-07-15,Pumpkin,84,Uttar Pradesh,9,Ghazipur,195,1380,1420,1400
2023-07-14,Pumpkin,84,Uttar Pradesh,9,Ghazipur,195,1390,1410,1400
2023-07-13,Pumpkin,84,Uttar Pradesh,9,Ghazipur,195,1370,1430,1400
2023-07-12,Pumpkin,84,Uttar Pradesh,9,Ghazipur,195,1380,1420,1400
2023-07-11,Pumpkin,84,Uttar Pradesh,9,Ghazipur,195,1150,1210,1180
2023-07-10,Pumpkin,84,Uttar Pradesh,9,Ghazipur,195,1160,1200,1180
2023-07-08,Pumpkin,84,Uttar Pradesh,9,Ghazipur,195,1150,1210,1180
2023-07-07,Pumpkin,84,Uttar Pradesh,9,Ghazipur,195,1160,1200,1180
2023-07-06,Pumpkin,84,Uttar Pradesh,9,Ghazipur,195,1150,1210,1180
2023-07-05,Pumpkin,84,Uttar Pradesh,9,Ghazipur,195,1160,1200,1180
2023-07-03,Pumpkin,84,Uttar Pradesh,9,Ghazipur,195,1170,1230,1200
2023-07-01,Pumpkin,84,Uttar Pradesh,9,Ghazipur,195,1188,1220,1200
2023-06-30,Pumpkin,84,Uttar Pradesh,9,Ghazipur,195,930,970,950
2023-06-29,Pumpkin,84,Uttar Pradesh,9,Ghazipur,195,900,940,920
2023-06-28,Pumpkin,84,Uttar Pradesh,9,Ghazipur,195,895,950,920
2023-06-27,Pumpkin,84,Uttar Pradesh,9,Ghazipur,195,890,950,920
2023-06-26,Pumpkin,84,Uttar Pradesh,9,Ghazipur,195,900,940,920
2023-06-23,Pumpkin,84,Uttar Pradesh,9,Ghazipur,195,900,940,920
2023-06-22,Pumpkin,84,Uttar Pradesh,9,Ghazipur,195,850,910,880
2023-06-21,Pumpkin,84,Uttar Pradesh,9,Ghazipur,195,860,900,880
2023-06-20,Pumpkin,84,Uttar Pradesh,9,Ghazipur,195,850,910,880
2023-06-19,Pumpkin,84,Uttar Pradesh,9,Ghazipur,195,830,870,850
2023-06-17,Pumpkin,84,Uttar Pradesh,9,Ghazipur,195,840,860,850
2023-06-16,Pumpkin,84,Uttar Pradesh,9,Ghazipur,195,830,870,850
2023-06-15,Pumpkin,84,Uttar Pradesh,9,Ghazipur,195,838,890,860
2023-06-14,Pumpkin,84,Uttar Pradesh,9,Ghazipur,195,830,870,850
2023-06-13,Pumpkin,84,Uttar Pradesh,9,Ghazipur,195,770,830,800
2023-06-12,Pumpkin,84,Uttar Pradesh,9,Ghazipur,195,780,820,800
2023-06-10,Pumpkin,84,Uttar Pradesh,9,Ghazipur,195,850,880,870
2023-06-09,Pumpkin,84,Uttar Pradesh,9,Ghazipur,195,860,900,880
2023-06-08,Pumpkin,84,Uttar Pradesh,9,Ghazipur,195,820,880,850
2023-06-07,Pumpkin,84,Uttar Pradesh,9,Ghazipur,195,830,870,850
2023-06-06,Pumpkin,84,Uttar Pradesh,9,Ghazipur,195,830,870,850
2023-06-05,Pumpkin,84,Uttar Pradesh,9,Ghazipur,195,820,880,850
2023-06-03,Pumpkin,84,Uttar Pradesh,9,Ghazipur,195,840,880,860
2023-06-02,Pumpkin,84,Uttar Pradesh,9,Ghazipur,195,830,890,860
2023-06-01,Pumpkin,84,Uttar Pradesh,9,Ghazipur,195,840,880,860
2023-05-31,Pumpkin,84,Uttar Pradesh,9,Ghazipur,195,840,880,860
2023-05-30,Pumpkin,84,Uttar Pradesh,9,Ghazipur,195,830,890,860
2023-05-29,Pumpkin,84,Uttar Pradesh,9,Ghazipur,195,830,880,860
2023-05-27,Pumpkin,84,Uttar Pradesh,9,Ghazipur,195,930,970,950
2023-05-26,Pumpkin,84,Uttar Pradesh,9,Ghazipur,195,790,850,820
2023-05-25,Pumpkin,84,Uttar Pradesh,9,Ghazipur,195,930,970,950
2023-05-24,Pumpkin,84,Uttar Pradesh,9,Ghazipur,195,920,980,950
2023-05-23,Pumpkin,84,Uttar Pradesh,9,Ghazipur,195,900,940,920
2023-05-22,Pumpkin,84,Uttar Pradesh,9,Ghazipur,195,900,940,920
2023-05-20,Pumpkin,84,Uttar Pradesh,9,Ghazipur,195,920,980,950
2023-05-19,Pumpkin,84,Uttar Pradesh,9,Ghazipur,195,930,990,960
2023-05-18,Pumpkin,84,Uttar Pradesh,9,Ghazipur,195,950,970,960
2023-05-17,Pumpkin,84,Uttar Pradesh,9,Ghazipur,195,930,970,950
2023-05-16,Pumpkin,84,Uttar Pradesh,9,Ghazipur,195,900,950,930
2023-05-15,Pumpkin,84,Uttar Pradesh,9,Ghazipur,195,940,1000,970
2023-05-12,Pumpkin,84,Uttar Pradesh,9,Ghazipur,195,940,980,960
2023-05-11,Pumpkin,84,Uttar Pradesh,9,Ghazipur,195,930,990,960
2023-05-10,Pumpkin,84,Uttar Pradesh,9,Ghazipur,195,930,970,950
2023-05-09,Pumpkin,84,Uttar Pradesh,9,Ghazipur,195,940,1000,970
2023-05-08,Pumpkin,84,Uttar Pradesh,9,Ghazipur,195,950,990,970
2023-05-06,Pumpkin,84,Uttar Pradesh,9,Ghazipur,195,920,980,950
2023-05-05,Pumpkin,84,Uttar Pradesh,9,Ghazipur,195,920,960,940
2023-05-04,Pumpkin,84,Uttar Pradesh,9,Ghazipur,195,930,950,940
2023-05-03,Pumpkin,84,Uttar Pradesh,9,Ghazipur,195,920,960,940
2023-05-02,Pumpkin,84,Uttar Pradesh,9,Ghazipur,195,920,980,950
2023-05-01,Pumpkin,84,Uttar Pradesh,9,Ghazipur,195,920,960,940
2023-04-29,Pumpkin,84,Uttar Pradesh,9,Ghazipur,195,930,970,950
2023-04-28,Pumpkin,84,Uttar Pradesh,9,Ghazipur,195,910,970,940
2023-04-27,Pumpkin,84,Uttar Pradesh,9,Ghazipur,195,920,960,940
2023-04-26,Pumpkin,84,Uttar Pradesh,9,Ghazipur,195,890,950,920
2023-04-25,Pumpkin,84,Uttar Pradesh,9,Ghazipur,195,930,970,950
2023-04-24,Pumpkin,84,Uttar Pradesh,9,Ghazipur,195,910,970,940
2023-04-22,Pumpkin,84,Uttar Pradesh,9,Ghazipur,195,920,960,940
2023-04-21,Pumpkin,84,Uttar Pradesh,9,Ghazipur,195,920,960,940
2023-04-20,Pumpkin,84,Uttar Pradesh,9,Ghazipur,195,920,980,950
2023-04-19,Pumpkin,84,Uttar Pradesh,9,Ghazipur,195,930,970,950
2023-04-18,Pumpkin,84,Uttar Pradesh,9,Ghazipur,195,920,980,950
2023-04-17,Pumpkin,84,Uttar Pradesh,9,Ghazipur,195,990,1050,1020
2023-04-15,Pumpkin,84,Uttar Pradesh,9,Ghazipur,195,1000,1040,1020
2023-04-14,Pumpkin,84,Uttar Pradesh,9,Ghazipur,195,1050,1110,1080
2023-04-13,Pumpkin,84,Uttar Pradesh,9,Ghazipur,195,1060,1100,1080
2023-04-12,Pumpkin,84,Uttar Pradesh,9,Ghazipur,195,1050,1110,1080
2023-04-11,Pumpkin,84,Uttar Pradesh,9,Ghazipur,195,1050,1110,1080
2023-04-10,Pumpkin,84,Uttar Pradesh,9,Ghazipur,195,1220,1260,1240
2023-04-08,Pumpkin,84,Uttar Pradesh,9,Ghazipur,195,1230,1270,1250
2023-04-07,Pumpkin,84,Uttar Pradesh,9,Ghazipur,195,1230,1270,1250
2023-04-06,Pumpkin,84,Uttar Pradesh,9,Ghazipur,195,1220,1280,1250
2023-04-05,Pumpkin,84,Uttar Pradesh,9,Ghazipur,195,1240,1280,1260
2023-04-04,Pumpkin,84,Uttar Pradesh,9,Ghazipur,195,1210,1270,1240
2023-04-03,Pumpkin,84,Uttar Pradesh,9,Ghazipur,195,1210,1270,1240
2023-04-01,Pumpkin,84,Uttar Pradesh,9,Ghazipur,195,1260,1300,1280
2023-03-31,Pumpkin,84,Uttar Pradesh,9,Ghazipur,195,1270,1330,1300
2023-03-30,Pumpkin,84,Uttar Pradesh,9,Ghazipur,195,1240,1280,1260
2023-03-29,Pumpkin,84,Uttar Pradesh,9,Ghazipur,195,1230,1290,1260
2023-03-28,Pumpkin,84,Uttar Pradesh,9,Ghazipur,195,1250,1290,1270
2023-03-27,Pumpkin,84,Uttar Pradesh,9,Ghazipur,195,1240,1280,1260
2023-03-25,Pumpkin,84,Uttar Pradesh,9,Ghazipur,195,1270,1330,1300
2023-03-24,Pumpkin,84,Uttar Pradesh,9,Ghazipur,195,1260,1300,1280
2023-03-23,Pumpkin,84,Uttar Pradesh,9,Ghazipur,195,1250,1310,1280
2023-03-22,Pumpkin,84,Uttar Pradesh,9,Ghazipur,195,1260,1300,1280
2023-03-21,Pumpkin,84,Uttar Pradesh,9,Ghazipur,195,1310,1370,1340
2023-03-20,Pumpkin,84,Uttar Pradesh,9,Ghazipur,195,1380,1420,1400
2023-03-18,Pumpkin,84,Uttar Pradesh,9,Ghazipur,195,1550,1610,1580
2023-03-17,Pumpkin,84,Uttar Pradesh,9,Ghazipur,195,1560,1600,1580
2023-03-16,Pumpkin,84,Uttar Pradesh,9,Ghazipur,195,1550,1610,1580
2023-03-15,Pumpkin,84,Uttar Pradesh,9,Ghazipur,195,1560,1600,1580
2023-03-14,Pumpkin,84,Uttar Pradesh,9,Ghazipur,195,1410,1470,1440
2023-03-13,Pumpkin,84,Uttar Pradesh,9,Ghazipur,195,1430,1470,1450
2023-03-11,Pumpkin,84,Uttar Pradesh,9,Ghazipur,195,1420,1480,1450
2023-03-10,Pumpkin,84,Uttar Pradesh,9,Ghazipur,195,1430,1470,1450
2023-03-09,Pumpkin,84,Uttar Pradesh,9,Ghazipur,195,1410,1470,1440
2023-03-07,Pumpkin,84,Uttar Pradesh,9,Ghazipur,195,1410,1460,1440
2023-03-06,Pumpkin,84,Uttar Pradesh,9,Ghazipur,195,1430,1470,1450
2023-03-04,Pumpkin,84,Uttar Pradesh,9,Ghazipur,195,1435,1465,1450
2023-03-03,Pumpkin,84,Uttar Pradesh,9,Ghazipur,195,1410,1450,1430
2023-03-02,Pumpkin,84,Uttar Pradesh,9,Ghazipur,195,1400,1460,1430
2023-03-01,Pumpkin,84,Uttar Pradesh,9,Ghazipur,195,1350,1390,1370
2023-02-28,Pumpkin,84,Uttar Pradesh,9,Ghazipur,195,1350,1410,1380
2023-02-27,Pumpkin,84,Uttar Pradesh,9,Ghazipur,195,1400,1440,1420
2023-02-25,Pumpkin,84,Uttar Pradesh,9,Ghazipur,195,1370,1430,1400
2023-02-24,Pumpkin,84,Uttar Pradesh,9,Ghazipur,195,1380,1420,1400
2023-02-23,Pumpkin,84,Uttar Pradesh,9,Ghazipur,195,1390,1450,1420
2023-02-22,Pumpkin,84,Uttar Pradesh,9,Ghazipur,195,1400,1440,1420
2023-02-21,Pumpkin,84,Uttar Pradesh,9,Ghazipur,195,1420,1480,1450
2023-02-20,Pumpkin,84,Uttar Pradesh,9,Ghazipur,195,1410,1450,1430
2023-02-18,Pumpkin,84,Uttar Pradesh,9,Ghazipur,195,1400,1460,1430
2023-02-17,Pumpkin,84,Uttar Pradesh,9,Ghazipur,195,1410,1450,1430
2023-02-16,Pumpkin,84,Uttar Pradesh,9,Ghazipur,195,1290,1340,1310
2023-02-15,Pumpkin,84,Uttar Pradesh,9,Ghazipur,195,1320,1370,1340
2023-02-14,Pumpkin,84,Uttar Pradesh,9,Ghazipur,195,1310,1370,1340
2023-02-13,Pumpkin,84,Uttar Pradesh,9,Ghazipur,195,1330,1370,1350
2023-02-11,Pumpkin,84,Uttar Pradesh,9,Ghazipur,195,1320,1380,1350
2023-02-10,Pumpkin,84,Uttar Pradesh,9,Ghazipur,195,1330,1370,1350
2023-02-09,Pumpkin,84,Uttar Pradesh,9,Ghazipur,195,1320,1380,1350
2023-02-08,Pumpkin,84,Uttar Pradesh,9,Ghazipur,195,1300,1340,1320
2023-02-07,Pumpkin,84,Uttar Pradesh,9,Ghazipur,195,1290,1350,1320
2023-02-06,Pumpkin,84,Uttar Pradesh,9,Ghazipur,195,1320,1360,1340
2023-02-04,Pumpkin,84,Uttar Pradesh,9,Ghazipur,195,1320,1370,1340
2023-02-03,Pumpkin,84,Uttar Pradesh,9,Ghazipur,195,1320,1380,1350
2023-02-02,Pumpkin,84,Uttar Pradesh,9,Ghazipur,195,1330,1370,1350
2023-02-01,Pumpkin,84,Uttar Pradesh,9,Ghazipur,195,1310,1370,1340
2023-01-31,Pumpkin,84,Uttar Pradesh,9,Ghazipur,195,1320,1360,1340
2023-01-30,Pumpkin,84,Uttar Pradesh,9,Ghazipur,195,1310,1370,1340
2023-01-28,Pumpkin,84,Uttar Pradesh,9,Ghazipur,195,1330,1370,1350
2023-01-27,Pumpkin,84,Uttar Pradesh,9,Ghazipur,195,1350,1390,1370
2023-01-26,Pumpkin,84,Uttar Pradesh,9,Ghazipur,195,1290,1350,1320
2023-01-25,Pumpkin,84,Uttar Pradesh,9,Ghazipur,195,1300,1340,1320
2023-01-24,Pumpkin,84,Uttar Pradesh,9,Ghazipur,195,1270,1330,1300
2023-01-23,Pumpkin,84,Uttar Pradesh,9,Ghazipur,195,1280,1320,1300
2023-01-21,Pumpkin,84,Uttar Pradesh,9,Ghazipur,195,1240,1300,1270
2023-01-20,Pumpkin,84,Uttar Pradesh,9,Ghazipur,195,1250,1290,1270
2023-01-19,Pumpkin,84,Uttar Pradesh,9,Ghazipur,195,1130,1190,1160
2023-01-18,Pumpkin,84,Uttar Pradesh,9,Ghazipur,195,1145,1175,1160
2023-01-17,Pumpkin,84,Uttar Pradesh,9,Ghazipur,195,1130,1170,1150
2023-01-16,Pumpkin,84,Uttar Pradesh,9,Ghazipur,195,1120,1180,1150
2023-01-14,Pumpkin,84,Uttar Pradesh,9,Ghazipur,195,1260,1300,1280
2023-01-13,Pumpkin,84,Uttar Pradesh,9,Ghazipur,195,1250,1310,1280
2023-01-12,Pumpkin,84,Uttar Pradesh,9,Ghazipur,195,1250,1310,1280
2023-01-11,Pumpkin,84,Uttar Pradesh,9,Ghazipur,195,1260,1300,1280
2023-01-10,Pumpkin,84,Uttar Pradesh,9,Ghazipur,195,1120,1180,1150
2023-01-09,Pumpkin,84,Uttar Pradesh,9,Ghazipur,195,1130,1170,1150
2023-01-07,Pumpkin,84,Uttar Pradesh,9,Ghazipur,195,1120,1180,1150
2023-01-06,Pumpkin,84,Uttar Pradesh,9,Ghazipur,195,1180,1220,1200
2023-01-05,Pumpkin,84,Uttar Pradesh,9,Ghazipur,195,1190,1250,1220
2023-01-04,Pumpkin,84,Uttar Pradesh,9,Ghazipur,195,1200,1240,1220
2023-01-03,Pumpkin,84,Uttar Pradesh,9,Ghazipur,195,1190,1250,1220
2023-01-02,Pumpkin,84,Uttar Pradesh,9,Ghazipur,195,1200,1240,1220
2022-12-31,Pumpkin,84,Uttar Pradesh,9,Ghazipur,195,1200,1230,1215
2022-12-30,Pumpkin,84,Uttar Pradesh,9,Ghazipur,195,1140,1200,1170
2022-12-29,Pumpkin,84,Uttar Pradesh,9,Ghazipur,195,1160,1200,1180
2022-12-28,Pumpkin,84,Uttar Pradesh,9,Ghazipur,195,1160,1200,1180
2022-12-27,Pumpkin,84,Uttar Pradesh,9,Ghazipur,195,1150,1210,1180
2022-12-26,Pumpkin,84,Uttar Pradesh,9,Ghazipur,195,1160,1200,1180
2022-12-24,Pumpkin,84,Uttar Pradesh,9,Ghazipur,195,1130,1170,1150
2022-12-23,Pumpkin,84,Uttar Pradesh,9,Ghazipur,195,1130,1170,1150
2022-12-22,Pumpkin,84,Uttar Pradesh,9,Ghazipur,195,1120,1180,1150
2022-12-21,Pumpkin,84,Uttar Pradesh,9,Ghazipur,195,1250,1290,1270
2022-12-20,Pumpkin,84,Uttar Pradesh,9,Ghazipur,195,1220,1280,1250
2022-12-19,Pumpkin,84,Uttar Pradesh,9,Ghazipur,195,1230,1270,1250
2022-12-17,Pumpkin,84,Uttar Pradesh,9,Ghazipur,195,1350,1410,1380
2022-12-16,Pumpkin,84,Uttar Pradesh,9,Ghazipur,195,1360,1400,1380
2022-12-15,Pumpkin,84,Uttar Pradesh,9,Ghazipur,195,1300,1360,1330
2022-12-14,Pumpkin,84,Uttar Pradesh,9,Ghazipur,195,1350,1390,1370
2022-12-13,Pumpkin,84,Uttar Pradesh,9,Ghazipur,195,1340,1400,1370
2022-12-12,Pumpkin,84,Uttar Pradesh,9,Ghazipur,195,1380,1420,1400
2022-12-10,Pumpkin,84,Uttar Pradesh,9,Ghazipur,195,1350,1410,1380
2022-12-09,Pumpkin,84,Uttar Pradesh,9,Ghazipur,195,1360,1400,1380
2022-12-08,Pumpkin,84,Uttar Pradesh,9,Ghazipur,195,1340,1400,1370
2022-12-07,Pumpkin,84,Uttar Pradesh,9,Ghazipur,195,1350,1390,1370
2022-12-06,Pumpkin,84,Uttar Pradesh,9,Ghazipur,195,1340,1400,1370
2022-12-05,Pumpkin,84,Uttar Pradesh,9,Ghazipur,195,1350,1420,1390
2022-12-03,Pumpkin,84,Uttar Pradesh,9,Ghazipur,195,1350,1410,1380
2022-12-02,Pumpkin,84,Uttar Pradesh,9,Ghazipur,195,1360,1400,1380
2022-12-01,Pumpkin,84,Uttar Pradesh,9,Ghazipur,195,1350,1410,1380
2022-11-30,Pumpkin,84,Uttar Pradesh,9,Ghazipur,195,1380,1420,1400
2022-11-29,Pumpkin,84,Uttar Pradesh,9,Ghazipur,195,1370,1430,1400
2022-11-28,Pumpkin,84,Uttar Pradesh,9,Ghazipur,195,1420,1460,1440
2022-11-26,Pumpkin,84,Uttar Pradesh,9,Ghazipur,195,1410,1470,1440
2022-11-25,Pumpkin,84,Uttar Pradesh,9,Ghazipur,195,1420,1460,1440
2022-11-24,Pumpkin,84,Uttar Pradesh,9,Ghazipur,195,1540,1600,1570
2022-11-23,Pumpkin,84,Uttar Pradesh,9,Ghazipur,195,2460,2500,2480
2022-11-22,Pumpkin,84,Uttar Pradesh,9,Ghazipur,195,1540,1600,1570
2022-11-21,Pumpkin,84,Uttar Pradesh,9,Ghazipur,195,1550,1590,1570
2022-11-19,Pumpkin,84,Uttar Pradesh,9,Ghazipur,195,1560,1600,1580
2022-11-18,Pumpkin,84,Uttar Pradesh,9,Ghazipur,195,1550,1610,1580
2022-11-17,Pumpkin,84,Uttar Pradesh,9,Ghazipur,195,1550,1590,1570
2022-11-16,Pumpkin,84,Uttar Pradesh,9,Ghazipur,195,1540,1600,1570
2022-11-15,Pumpkin,84,Uttar Pradesh,9,Ghazipur,195,1530,1570,1550
2022-11-14,Pumpkin,84,Uttar Pradesh,9,Ghazipur,195,1580,1620,1600
2022-11-12,Pumpkin,84,Uttar Pradesh,9,Ghazipur,195,1570,1630,1600
2022-11-11,Pumpkin,84,Uttar Pradesh,9,Ghazipur,195,1580,1620,1600
2022-11-10,Pumpkin,84,Uttar Pradesh,9,Ghazipur,195,1570,1630,1600
2022-11-09,Pumpkin,84,Uttar Pradesh,9,Ghazipur,195,1580,1620,1600
2022-11-08,Pumpkin,84,Uttar Pradesh,9,Ghazipur,195,1570,1630,1600
2022-11-07,Pumpkin,84,Uttar Pradesh,9,Ghazipur,195,1580,1620,1600
2022-11-05,Pumpkin,84,Uttar Pradesh,9,Ghazipur,195,1570,1630,1600
2022-11-04,Pumpkin,84,Uttar Pradesh,9,Ghazipur,195,1580,1620,1600
2022-11-03,Pumpkin,84,Uttar Pradesh,9,Ghazipur,195,1570,1630,1600
2022-11-02,Pumpkin,84,Uttar Pradesh,9,Ghazipur,195,1580,1620,1600
2022-11-01,Pumpkin,84,Uttar Pradesh,9,Ghazipur,195,1570,1630,1600
2022-10-31,Pumpkin,84,Uttar Pradesh,9,Ghazipur,195,1530,1570,1550
2022-10-29,Pumpkin,84,Uttar Pradesh,9,Ghazipur,195,1540,1560,1550
2022-10-28,Pumpkin,84,Uttar Pradesh,9,Ghazipur,195,1530,1570,1550
2022-10-26,Pumpkin,84,Uttar Pradesh,9,Ghazipur,195,1520,1580,1550
2022-10-22,Pumpkin,84,Uttar Pradesh,9,Ghazipur,195,1530,1570,1550
2022-10-20,Pumpkin,84,Uttar Pradesh,9,Ghazipur,195,1530,1570,1550
2022-10-19,Pumpkin,84,Uttar Pradesh,9,Ghazipur,195,1520,1580,1550
2022-10-18,Pumpkin,84,Uttar Pradesh,9,Ghazipur,195,1520,1580,1550
2022-10-17,Pumpkin,84,Uttar Pradesh,9,Ghazipur,195,1380,1420,1400
2022-10-15,Pumpkin,84,Uttar Pradesh,9,Ghazipur,195,1390,1450,1420
2022-10-14,Pumpkin,84,Uttar Pradesh,9,Ghazipur,195,1380,1440,1410
2022-10-13,Pumpkin,84,Uttar Pradesh,9,Ghazipur,195,1390,1430,1410
2022-10-12,Pumpkin,84,Uttar Pradesh,9,Ghazipur,195,1380,1440,1410
2022-10-11,Pumpkin,84,Uttar Pradesh,9,Ghazipur,195,1390,1430,1410
2022-10-10,Pumpkin,84,Uttar Pradesh,9,Ghazipur,195,1410,1470,1440
2022-10-08,Pumpkin,84,Uttar Pradesh,9,Ghazipur,195,1420,1460,1440
2022-10-07,Pumpkin,84,Uttar Pradesh,9,Ghazipur,195,1410,1470,1440
2022-10-06,Pumpkin,84,Uttar Pradesh,9,Ghazipur,195,1420,1460,1440
2022-10-05,Pumpkin,84,Uttar Pradesh,9,Ghazipur,195,1410,1470,1440
2022-10-04,Pumpkin,84,Uttar Pradesh,9,Ghazipur,195,1410,1470,1440
2022-10-03,Pumpkin,84,Uttar Pradesh,9,Ghazipur,195,1410,1470,1440
2022-10-01,Pumpkin,84,Uttar Pradesh,9,Ghazipur,195,1420,1460,1440
2022-09-30,Pumpkin,84,Uttar Pradesh,9,Ghazipur,195,1410,1470,1440
2022-09-29,Pumpkin,84,Uttar Pradesh,9,Ghazipur,195,1420,1460,1440
2022-09-28,Pumpkin,84,Uttar Pradesh,9,Ghazipur,195,1630,1670,1650
2022-09-27,Pumpkin,84,Uttar Pradesh,9,Ghazipur,195,1680,1720,1700
2022-09-26,Pumpkin,84,Uttar Pradesh,9,Ghazipur,195,1690,1710,1700
2022-09-24,Pumpkin,84,Uttar Pradesh,9,Ghazipur,195,1730,1770,1750
2022-09-23,Pumpkin,84,Uttar Pradesh,9,Ghazipur,195,1750,1810,1780
2022-09-22,Pumpkin,84,Uttar Pradesh,9,Ghazipur,195,1760,1800,1780
2022-09-21,Pumpkin,84,Uttar Pradesh,9,Ghazipur,195,1750,1810,1780
2022-09-20,Pumpkin,84,Uttar Pradesh,9,Ghazipur,195,1760,1800,1780
2022-09-19,Pumpkin,84,Uttar Pradesh,9,Ghazipur,195,1750,1790,1770
2022-09-17,Pumpkin,84,Uttar Pradesh,9,Ghazipur,195,1740,1800,1770
2022-09-16,Pumpkin,84,Uttar Pradesh,9,Ghazipur,195,1750,1790,1770
2022-09-15,Pumpkin,84,Uttar Pradesh,9,Ghazipur,195,1750,1790,1770
2022-09-14,Pumpkin,84,Uttar Pradesh,9,Ghazipur,195,1790,1850,1820
2022-09-13,Pumpkin,84,Uttar Pradesh,9,Ghazipur,195,1790,1850,1820
2022-09-12,Pumpkin,84,Uttar Pradesh,9,Ghazipur,195,1920,1960,1940
2022-09-10,Pumpkin,84,Uttar Pradesh,9,Ghazipur,195,1910,1970,1940
2022-09-09,Pumpkin,84,Uttar Pradesh,9,Ghazipur,195,1920,1960,1940
2022-09-08,Pumpkin,84,Uttar Pradesh,9,Ghazipur,195,2020,2080,2050
2022-09-07,Pumpkin,84,Uttar Pradesh,9,Ghazipur,195,2030,2070,2050
2022-09-06,Pumpkin,84,Uttar Pradesh,9,Ghazipur,195,2030,2070,2050
2022-09-05,Pumpkin,84,Uttar Pradesh,9,Ghazipur,195,2040,2100,2070
2022-09-03,Pumpkin,84,Uttar Pradesh,9,Ghazipur,195,2030,2100,2070
2022-09-02,Pumpkin,84,Uttar Pradesh,9,Ghazipur,195,2040,2080,2060
2022-09-01,Pumpkin,84,Uttar Pradesh,9,Ghazipur,195,2030,2090,2060
2022-08-31,Pumpkin,84,Uttar Pradesh,9,Ghazipur,195,2040,2080,2060
2022-08-30,Pumpkin,84,Uttar Pradesh,9,Ghazipur,195,2030,2090,2060
2022-08-29,Pumpkin,84,Uttar Pradesh,9,Ghazipur,195,2040,2080,2060
2022-08-27,Pumpkin,84,Uttar Pradesh,9,Ghazipur,195,2020,2060,2030
2022-08-26,Pumpkin,84,Uttar Pradesh,9,Ghazipur,195,2030,2070,2050
2022-08-25,Pumpkin,84,Uttar Pradesh,9,Ghazipur,195,1970,2030,2000
2022-08-24,Pumpkin,84,Uttar Pradesh,9,Ghazipur,195,1980,2020,2000
2022-08-23,Pumpkin,84,Uttar Pradesh,9,Ghazipur,195,1990,2050,2020
2022-08-22,Pumpkin,84,Uttar Pradesh,9,Ghazipur,195,2000,2040,2020
2022-08-20,Pumpkin,84,Uttar Pradesh,9,Ghazipur,195,2010,2030,2020
2022-08-19,Pumpkin,84,Uttar Pradesh,9,Ghazipur,195,2000,2040,2020
2022-08-18,Pumpkin,84,Uttar Pradesh,9,Ghazipur,195,1990,2050,2020
2022-08-17,Pumpkin,84,Uttar Pradesh,9,Ghazipur,195,1980,2020,2000
2022-08-16,Pumpkin,84,Uttar Pradesh,9,Ghazipur,195,1970,2030,2000
2022-08-15,Pumpkin,84,Uttar Pradesh,9,Ghazipur,195,1980,2020,2000
2022-08-14,Pumpkin,84,Uttar Pradesh,9,Ghazipur,195,1990,2010,2000
2022-08-13,Pumpkin,84,Uttar Pradesh,9,Ghazipur,195,1990,2010,2000
2022-08-12,Pumpkin,84,Uttar Pradesh,9,Ghazipur,195,1990,2010,2000
2022-08-10,Pumpkin,84,Uttar Pradesh,9,Ghazipur,195,1970,2030,2000
2022-08-09,Pumpkin,84,Uttar Pradesh,9,Ghazipur,195,1980,2020,2000
2022-08-08,Pumpkin,84,Uttar Pradesh,9,Ghazipur,195,1970,2030,2000
2022-08-06,Pumpkin,84,Uttar Pradesh,9,Ghazipur,195,1850,1910,1880
2022-08-05,Pumpkin,84,Uttar Pradesh,9,Ghazipur,195,1860,1900,1880
2022-08-04,Pumpkin,84,Uttar Pradesh,9,Ghazipur,195,1430,1470,1450
2022-08-03,Pumpkin,84,Uttar Pradesh,9,Ghazipur,195,1420,1480,1450
2022-08-02,Pumpkin,84,Uttar Pradesh,9,Ghazipur,195,1430,1470,1450
2022-08-01,Pumpkin,84,Uttar Pradesh,9,Ghazipur,195,1250,1290,1270
2022-07-30,Pumpkin,84,Uttar Pradesh,9,Ghazipur,195,1240,1300,1270
2022-07-29,Pumpkin,84,Uttar Pradesh,9,Ghazipur,195,1250,1290,1270
2022-07-28,Pumpkin,84,Uttar Pradesh,9,Ghazipur,195,1230,1290,1260
2022-07-27,Pumpkin,84,Uttar Pradesh,9,Ghazipur,195,1240,1280,1260
2022-07-26,Pumpkin,84,Uttar Pradesh,9,Ghazipur,195,1230,1290,1260
2022-07-25,Pumpkin,84,Uttar Pradesh,9,Ghazipur,195,1230,1270,1250
2022-07-23,Pumpkin,84,Uttar Pradesh,9,Ghazipur,195,1230,1270,1250
2022-07-22,Pumpkin,84,Uttar Pradesh,9,Ghazipur,195,1230,1270,1250
2022-07-21,Pumpkin,84,Uttar Pradesh,9,Ghazipur,195,1140,1180,1160
2022-07-20,Pumpkin,84,Uttar Pradesh,9,Ghazipur,195,1130,1190,1160
2022-07-19,Pumpkin,84,Uttar Pradesh,9,Ghazipur,195,1130,1190,1160
2022-07-18,Pumpkin,84,Uttar Pradesh,9,Ghazipur,195,1140,1180,1160
2022-07-16,Pumpkin,84,Uttar Pradesh,9,Ghazipur,195,1130,1190,1160
2022-07-15,Pumpkin,84,Uttar Pradesh,9,Ghazipur,195,1140,1180,1160
2022-07-14,Pumpkin,84,Uttar Pradesh,9,Ghazipur,195,1130,1190,1160
2022-07-13,Pumpkin,84,Uttar Pradesh,9,Ghazipur,195,1030,1090,1060
2022-07-12,Pumpkin,84,Uttar Pradesh,9,Ghazipur,195,1020,1080,1050
2022-07-11,Pumpkin,84,Uttar Pradesh,9,Ghazipur,195,1030,1070,1050
2022-07-09,Pumpkin,84,Uttar Pradesh,9,Ghazipur,195,1020,1080,1050
2022-07-08,Pumpkin,84,Uttar Pradesh,9,Ghazipur,195,1030,1070,1050
2022-07-07,Pumpkin,84,Uttar Pradesh,9,Ghazipur,195,1070,1130,1100
2022-07-06,Pumpkin,84,Uttar Pradesh,9,Ghazipur,195,1080,1120,1100
2022-07-05,Pumpkin,84,Uttar Pradesh,9,Ghazipur,195,1070,1130,1100
2022-07-04,Pumpkin,84,Uttar Pradesh,9,Ghazipur,195,1080,1120,1100
2022-07-01,Pumpkin,84,Uttar Pradesh,9,Ghazipur,195,1020,1060,1040
2022-06-30,Pumpkin,84,Uttar Pradesh,9,Ghazipur,195,1010,1070,1040
2022-06-29,Pumpkin,84,Uttar Pradesh,9,Ghazipur,195,1020,1060,1040
2022-06-28,Pumpkin,84,Uttar Pradesh,9,Ghazipur,195,870,930,900
2022-06-27,Pumpkin,84,Uttar Pradesh,9,Ghazipur,195,870,930,900
2022-06-25,Pumpkin,84,Uttar Pradesh,9,Ghazipur,195,850,910,880
2022-06-24,Pumpkin,84,Uttar Pradesh,9,Ghazipur,195,850,910,880
2022-06-23,Pumpkin,84,Uttar Pradesh,9,Ghazipur,195,860,900,880
2022-06-22,Pumpkin,84,Uttar Pradesh,9,Ghazipur,195,1010,1070,1040
2022-06-21,Pumpkin,84,Uttar Pradesh,9,Ghazipur,195,1020,1060,1040
2022-06-20,Pumpkin,84,Uttar Pradesh,9,Ghazipur,195,1010,1070,1040
2022-06-17,Pumpkin,84,Uttar Pradesh,9,Ghazipur,195,1020,1060,1040
2022-06-16,Pumpkin,84,Uttar Pradesh,9,Ghazipur,195,1080,1120,1100
2022-06-15,Pumpkin,84,Uttar Pradesh,9,Ghazipur,195,1080,1120,1100
2022-06-14,Pumpkin,84,Uttar Pradesh,9,Ghazipur,195,1030,1090,1060
2022-06-13,Pumpkin,84,Uttar Pradesh,9,Ghazipur,195,1040,1080,1060
2022-06-11,Pumpkin,84,Uttar Pradesh,9,Ghazipur,195,1040,1080,1060
2022-06-10,Pumpkin,84,Uttar Pradesh,9,Ghazipur,195,1100,1140,1120
2022-06-09,Pumpkin,84,Uttar Pradesh,9,Ghazipur,195,1100,1140,1120
2022-06-08,Pumpkin,84,Uttar Pradesh,9,Ghazipur,195,1100,1140,1120
2022-06-07,Pumpkin,84,Uttar Pradesh,9,Ghazipur,195,1090,1150,1120
2022-06-06,Pumpkin,84,Uttar Pradesh,9,Ghazipur,195,1100,1140,1120
2022-06-03,Pumpkin,84,Uttar Pradesh,9,Ghazipur,195,1100,1140,1120
2022-06-02,Pumpkin,84,Uttar Pradesh,9,Ghazipur,195,970,1030,1000
2022-06-01,Pumpkin,84,Uttar Pradesh,9,Ghazipur,195,980,1030,1000
2022-05-31,Pumpkin,84,Uttar Pradesh,9,Ghazipur,195,980,1030,1000
2022-05-29,Pumpkin,84,Uttar Pradesh,9,Ghazipur,195,970,1030,1000
2022-05-28,Pumpkin,84,Uttar Pradesh,9,Ghazipur,195,980,1030,1000
2022-05-27,Pumpkin,84,Uttar Pradesh,9,Ghazipur,195,980,1030,1000
2022-05-26,Pumpkin,84,Uttar Pradesh,9,Ghazipur,195,980,1030,1000
2022-05-25,Pumpkin,84,Uttar Pradesh,9,Ghazipur,195,870,930,900
2022-05-24,Pumpkin,84,Uttar Pradesh,9,Ghazipur,195,870,930,900
2022-05-23,Pumpkin,84,Uttar Pradesh,9,Ghazipur,195,970,1030,1000
2022-05-21,Pumpkin,84,Uttar Pradesh,9,Ghazipur,195,1180,1230,1200
2022-05-20,Pumpkin,84,Uttar Pradesh,9,Ghazipur,195,1180,1230,1200
2022-05-19,Pumpkin,84,Uttar Pradesh,9,Ghazipur,195,1180,1230,1200
2022-05-18,Pumpkin,84,Uttar Pradesh,9,Ghazipur,195,1180,1220,1200
2022-05-17,Pumpkin,84,Uttar Pradesh,9,Ghazipur,195,1120,1180,1150
2022-05-16,Pumpkin,84,Uttar Pradesh,9,Ghazipur,195,1080,1120,1100
2022-05-15,Pumpkin,84,Uttar Pradesh,9,Ghazipur,195,1070,1130,1100
2022-05-13,Pumpkin,84,Uttar Pradesh,9,Ghazipur,195,1090,1110,1100
2022-05-12,Pumpkin,84,Uttar Pradesh,9,Ghazipur,195,1080,1120,1100
2022-05-11,Pumpkin,84,Uttar Pradesh,9,Ghazipur,195,1080,1120,1100
2022-05-10,Pumpkin,84,Uttar Pradesh,9,Ghazipur,195,1070,1130,1100
2022-05-09,Pumpkin,84,Uttar Pradesh,9,Ghazipur,195,1070,1130,1100
2022-05-07,Pumpkin,84,Uttar Pradesh,9,Ghazipur,195,1080,1120,1100
2022-05-06,Pumpkin,84,Uttar Pradesh,9,Ghazipur,195,1070,1130,1100
2022-05-05,Pumpkin,84,Uttar Pradesh,9,Ghazipur,195,1080,1120,1100
2022-05-04,Pumpkin,84,Uttar Pradesh,9,Ghazipur,195,1070,1130,1100
2022-05-03,Pumpkin,84,Uttar Pradesh,9,Ghazipur,195,1080,1120,1100
2022-05-02,Pumpkin,84,Uttar Pradesh,9,Ghazipur,195,1080,1120,1100
2022-04-30,Pumpkin,84,Uttar Pradesh,9,Ghazipur,195,1080,1130,1100
2022-04-29,Pumpkin,84,Uttar Pradesh,9,Ghazipur,195,1180,1220,1200
2022-04-28,Pumpkin,84,Uttar Pradesh,9,Ghazipur,195,1180,1220,1200
2022-04-27,Pumpkin,84,Uttar Pradesh,9,Ghazipur,195,1180,1230,1200
2022-04-26,Pumpkin,84,Uttar Pradesh,9,Ghazipur,195,1180,1220,1200
2022-04-25,Pumpkin,84,Uttar Pradesh,9,Ghazipur,195,1180,1230,1200
2022-04-23,Pumpkin,84,Uttar Pradesh,9,Ghazipur,195,1230,1270,1250
2022-04-22,Pumpkin,84,Uttar Pradesh,9,Ghazipur,195,1230,1270,1250
2022-04-21,Pumpkin,84,Uttar Pradesh,9,Ghazipur,195,1180,1230,1200
2022-04-20,Pumpkin,84,Uttar Pradesh,9,Ghazipur,195,1170,1230,1200
2022-04-19,Pumpkin,84,Uttar Pradesh,9,Ghazipur,195,1160,1240,1200
2022-04-13,Pumpkin,84,Uttar Pradesh,9,Ghazipur,195,1480,1530,1500
2022-04-12,Pumpkin,84,Uttar Pradesh,9,Ghazipur,195,1480,1530,1500
2022-04-11,Pumpkin,84,Uttar Pradesh,9,Ghazipur,195,1480,1520,1500
2022-04-09,Pumpkin,84,Uttar Pradesh,9,Ghazipur,195,1480,1530,1500
2022-04-08,Pumpkin,84,Uttar Pradesh,9,Ghazipur,195,1560,1640,1600
2022-04-07,Pumpkin,84,Uttar Pradesh,9,Ghazipur,195,1580,1620,1600
2022-04-06,Pumpkin,84,Uttar Pradesh,9,Ghazipur,195,1580,1630,1600
2022-04-05,Pumpkin,84,Uttar Pradesh,9,Ghazipur,195,1570,1630,1600
2022-04-04,Pumpkin,84,Uttar Pradesh,9,Ghazipur,195,1580,1620,1600
2022-04-02,Pumpkin,84,Uttar Pradesh,9,Ghazipur,195,1980,2030,2000
2022-04-01,Pumpkin,84,Uttar Pradesh,9,Ghazipur,195,1980,2030,2000
2022-03-31,Pumpkin,84,Uttar Pradesh,9,Ghazipur,195,1970,2040,2000
2022-03-30,Pumpkin,84,Uttar Pradesh,9,Ghazipur,195,1970,2030,2000
2022-03-29,Pumpkin,84,Uttar Pradesh,9,Ghazipur,195,2100,2160,2140
2022-03-28,Pumpkin,84,Uttar Pradesh,9,Ghazipur,195,2120,2160,2140
2022-03-26,Pumpkin,84,Uttar Pradesh,9,Ghazipur,195,2110,2170,2140
2022-03-25,Pumpkin,84,Uttar Pradesh,9,Ghazipur,195,2120,2160,2140
2022-03-24,Pumpkin,84,Uttar Pradesh,9,Ghazipur,195,2110,2170,2140
2022-03-23,Pumpkin,84,Uttar Pradesh,9,Ghazipur,195,2100,2160,2140
2022-03-22,Pumpkin,84,Uttar Pradesh,9,Ghazipur,195,2080,2140,2100
2022-03-21,Pumpkin,84,Uttar Pradesh,9,Ghazipur,195,2080,2130,2100
2022-03-19,Pumpkin,84,Uttar Pradesh,9,Ghazipur,195,2080,2130,2100
2022-03-18,Pumpkin,84,Uttar Pradesh,9,Ghazipur,195,2080,2130,2100
2022-03-16,Pumpkin,84,Uttar Pradesh,9,Ghazipur,195,2070,2130,2100
2022-03-15,Pumpkin,84,Uttar Pradesh,9,Ghazipur,195,2080,2120,2100
2022-03-14,Pumpkin,84,Uttar Pradesh,9,Ghazipur,195,2070,2130,2100
2022-03-12,Pumpkin,84,Uttar Pradesh,9,Ghazipur,195,2080,2120,2100
2022-03-11,Pumpkin,84,Uttar Pradesh,9,Ghazipur,195,2070,2130,2100
2022-03-10,Pumpkin,84,Uttar Pradesh,9,Ghazipur,195,2080,2130,2100
2022-03-09,Pumpkin,84,Uttar Pradesh,9,Ghazipur,195,2070,2130,2100
2022-03-08,Pumpkin,84,Uttar Pradesh,9,Ghazipur,195,2080,2130,2100
2022-03-05,Pumpkin,84,Uttar Pradesh,9,Ghazipur,195,2080,2130,2100
2022-03-04,Pumpkin,84,Uttar Pradesh,9,Ghazipur,195,2080,2130,2100
2022-03-03,Pumpkin,84,Uttar Pradesh,9,Ghazipur,195,1900,1960,1930
2022-03-02,Pumpkin,84,Uttar Pradesh,9,Ghazipur,195,1910,1950,1930
2022-03-01,Pumpkin,84,Uttar Pradesh,9,Ghazipur,195,1900,1960,1930
2022-02-28,Pumpkin,84,Uttar Pradesh,9,Ghazipur,195,1900,1960,1930
2022-02-26,Pumpkin,84,Uttar Pradesh,9,Ghazipur,195,1900,1950,1930
2022-02-25,Pumpkin,84,Uttar Pradesh,9,Ghazipur,195,1910,1950,1930
2022-02-24,Pumpkin,84,Uttar Pradesh,9,Ghazipur,195,1900,1950,1930
2022-02-23,Pumpkin,84,Uttar Pradesh,9,Ghazipur,195,1900,1950,1930
2022-02-22,Pumpkin,84,Uttar Pradesh,9,Ghazipur,195,1900,1950,1930
2022-02-21,Pumpkin,84,Uttar Pradesh,9,Ghazipur,195,1430,1470,1450
2022-02-19,Pumpkin,84,Uttar Pradesh,9,Ghazipur,195,1430,1470,1450
2022-02-18,Pumpkin,84,Uttar Pradesh,9,Ghazipur,195,1420,1480,1450
2022-02-17,Pumpkin,84,Uttar Pradesh,9,Ghazipur,195,1430,1470,1450
2022-02-16,Pumpkin,84,Uttar Pradesh,9,Ghazipur,195,1540,1580,1560
2022-02-14,Pumpkin,84,Uttar Pradesh,9,Ghazipur,195,1540,1580,1560
2022-02-12,Pumpkin,84,Uttar Pradesh,9,Ghazipur,195,1530,1590,1560
2022-02-11,Pumpkin,84,Uttar Pradesh,9,Ghazipur,195,1540,1580,1560
2022-02-10,Pumpkin,84,Uttar Pradesh,9,Ghazipur,195,1530,1590,1560
2022-02-09,Pumpkin,84,Uttar Pradesh,9,Ghazipur,195,1670,1710,1690
2022-02-08,Pumpkin,84,Uttar Pradesh,9,Ghazipur,195,1650,1710,1680
2022-02-07,Pumpkin,84,Uttar Pradesh,9,Ghazipur,195,1660,1700,1680
2022-02-05,Pumpkin,84,Uttar Pradesh,9,Ghazipur,195,1650,1710,1680
2022-02-04,Pumpkin,84,Uttar Pradesh,9,Ghazipur,195,1660,1700,1680
2022-02-03,Pumpkin,84,Uttar Pradesh,9,Ghazipur,195,1660,1700,1680
2022-02-02,Pumpkin,84,Uttar Pradesh,9,Ghazipur,195,1650,1710,1680
2022-02-01,Pumpkin,84,Uttar Pradesh,9,Ghazipur,195,1660,1700,1680
2022-01-31,Pumpkin,84,Uttar Pradesh,9,Ghazipur,195,1660,1700,1680
2022-01-27,Pumpkin,84,Uttar Pradesh,9,Ghazipur,195,1660,1700,1680
2022-01-25,Pumpkin,84,Uttar Pradesh,9,Ghazipur,195,1660,1700,1680
2022-01-24,Pumpkin,84,Uttar Pradesh,9,Ghazipur,195,1660,1700,1680
2022-01-22,Pumpkin,84,Uttar Pradesh,9,Ghazipur,195,1660,1700,1680
2022-01-21,Pumpkin,84,Uttar Pradesh,9,Ghazipur,195,1620,1680,1650
2022-01-20,Pumpkin,84,Uttar Pradesh,9,Ghazipur,195,1630,1670,1650
2022-01-19,Pumpkin,84,Uttar Pradesh,9,Ghazipur,195,1620,1680,1650
2022-01-18,Pumpkin,84,Uttar Pradesh,9,Ghazipur,195,1630,1670,1650
2022-01-17,Pumpkin,84,Uttar Pradesh,9,Ghazipur,195,1530,1590,1560
2022-01-15,Pumpkin,84,Uttar Pradesh,9,Ghazipur,195,1540,1580,1560
2022-01-14,Pumpkin,84,Uttar Pradesh,9,Ghazipur,195,1540,1580,1560
2022-01-13,Pumpkin,84,Uttar Pradesh,9,Ghazipur,195,1530,1590,1560
2022-01-12,Pumpkin,84,Uttar Pradesh,9,Ghazipur,195,1540,1580,1560
2022-01-11,Pumpkin,84,Uttar Pradesh,9,Ghazipur,195,1400,1480,1450
2022-01-10,Pumpkin,84,Uttar Pradesh,9,Ghazipur,195,1430,1480,1450
2022-01-08,Pumpkin,84,Uttar Pradesh,9,Ghazipur,195,1430,1470,1450
2022-01-06,Pumpkin,84,Uttar Pradesh,9,Ghazipur,195,1430,1480,1450
2022-01-05,Pumpkin,84,Uttar Pradesh,9,Ghazipur,195,1370,1430,1400
2022-01-04,Pumpkin,84,Uttar Pradesh,9,Ghazipur,195,1380,1420,1400
2022-01-03,Pumpkin,84,Uttar Pradesh,9,Ghazipur,195,1370,1430,1400
2022-01-01,Pumpkin,84,Uttar Pradesh,9,Ghazipur,195,1370,1430,1400
2021-12-31,Pumpkin,84,Uttar Pradesh,9,Ghazipur,195,1380,1430,1400
2021-12-30,Pumpkin,84,Uttar Pradesh,9,Ghazipur,195,1380,1430,1400
2021-12-29,Pumpkin,84,Uttar Pradesh,9,Ghazipur,195,1330,1390,1360
2021-12-28,Pumpkin,84,Uttar Pradesh,9,Ghazipur,195,1340,1380,1360
2021-12-27,Pumpkin,84,Uttar Pradesh,9,Ghazipur,195,1330,1390,1360
2021-12-25,Pumpkin,84,Uttar Pradesh,9,Ghazipur,195,1340,1380,1360
2021-12-24,Pumpkin,84,Uttar Pradesh,9,Ghazipur,195,1360,1390,1360
2021-12-23,Pumpkin,84,Uttar Pradesh,9,Ghazipur,195,1340,1380,1360
2021-12-22,Pumpkin,84,Uttar Pradesh,9,Ghazipur,195,1340,1380,1360
2021-12-21,Pumpkin,84,Uttar Pradesh,9,Ghazipur,195,1340,1380,1360
2021-12-20,Pumpkin,84,Uttar Pradesh,9,Ghazipur,195,1330,1390,1360
2021-12-18,Pumpkin,84,Uttar Pradesh,9,Ghazipur,195,1340,1380,1360
2021-12-17,Pumpkin,84,Uttar Pradesh,9,Ghazipur,195,1340,1380,1360
2021-12-16,Pumpkin,84,Uttar Pradesh,9,Ghazipur,195,1340,1380,1360
2021-12-15,Pumpkin,84,Uttar Pradesh,9,Ghazipur,195,1380,1420,1400
2021-12-14,Pumpkin,84,Uttar Pradesh,9,Ghazipur,195,1370,1430,1400
2021-12-13,Pumpkin,84,Uttar Pradesh,9,Ghazipur,195,1380,1420,1400
2021-12-11,Pumpkin,84,Uttar Pradesh,9,Ghazipur,195,1370,1430,1400
2021-12-10,Pumpkin,84,Uttar Pradesh,9,Ghazipur,195,1370,1430,1400
2021-12-09,Pumpkin,84,Uttar Pradesh,9,Ghazipur,195,1410,1450,1430
2021-12-08,Pumpkin,84,Uttar Pradesh,9,Ghazipur,195,1400,1460,1430
2021-12-07,Pumpkin,84,Uttar Pradesh,9,Ghazipur,195,1410,1450,1430
2021-12-06,Pumpkin,84,Uttar Pradesh,9,Ghazipur,195,1400,1450,1430
2021-12-04,Pumpkin,84,Uttar Pradesh,9,Ghazipur,195,1340,1380,1360
2021-12-03,Pumpkin,84,Uttar Pradesh,9,Ghazipur,195,1330,1390,1360
2021-12-02,Pumpkin,84,Uttar Pradesh,9,Ghazipur,195,1380,1420,1400
2021-11-29,Pumpkin,84,Uttar Pradesh,9,Ghazipur,195,1380,1420,1400
2021-11-27,Pumpkin,84,Uttar Pradesh,9,Ghazipur,195,1340,1380,1360
2021-11-26,Pumpkin,84,Uttar Pradesh,9,Ghazipur,195,1340,1380,1360
2021-11-25,Pumpkin,84,Uttar Pradesh,9,Ghazipur,195,1380,1430,1400
2021-11-24,Pumpkin,84,Uttar Pradesh,9,Ghazipur,195,1380,1430,1400
2021-11-23,Pumpkin,84,Uttar Pradesh,9,Ghazipur,195,1340,1380,1360
2021-11-22,Pumpkin,84,Uttar Pradesh,9,Ghazipur,195,1340,1390,1360
2021-11-20,Pumpkin,84,Uttar Pradesh,9,Ghazipur,195,1340,1380,1360
2021-11-19,Pumpkin,84,Uttar Pradesh,9,Ghazipur,195,1340,1380,1360
2021-11-18,Pumpkin,84,Uttar Pradesh,9,Ghazipur,195,1340,1380,1360
2021-11-17,Pumpkin,84,Uttar Pradesh,9,Ghazipur,195,1340,1380,1360
2021-11-16,Pumpkin,84,Uttar Pradesh,9,Ghazipur,195,1280,1320,1300
2021-11-15,Pumpkin,84,Uttar Pradesh,9,Ghazipur,195,1270,1330,1300
2021-11-13,Pumpkin,84,Uttar Pradesh,9,Ghazipur,195,1280,1320,1300
2021-11-12,Pumpkin,84,Uttar Pradesh,9,Ghazipur,195,1280,1320,1300
2021-11-11,Pumpkin,84,Uttar Pradesh,9,Ghazipur,195,1260,1300,1280
2021-11-10,Pumpkin,84,Uttar Pradesh,9,Ghazipur,195,1250,1310,1280
2021-11-09,Pumpkin,84,Uttar Pradesh,9,Ghazipur,195,1260,1300,1280
2021-11-08,Pumpkin,84,Uttar Pradesh,9,Ghazipur,195,1270,1290,1280
2021-11-06,Pumpkin,84,Uttar Pradesh,9,Ghazipur,195,1250,1310,1280
2021-11-05,Pumpkin,84,Uttar Pradesh,9,Ghazipur,195,1260,1300,1280
2021-11-03,Pumpkin,84,Uttar Pradesh,9,Ghazipur,195,1260,1300,1280
2021-11-02,Pumpkin,84,Uttar Pradesh,9,Ghazipur,195,1250,1310,1280
2021-10-30,Pumpkin,84,Uttar Pradesh,9,Ghazipur,195,1250,1310,1280
2021-10-29,Pumpkin,84,Uttar Pradesh,9,Ghazipur,195,1260,1300,1280
2021-10-28,Pumpkin,84,Uttar Pradesh,9,Ghazipur,195,1250,1310,1280
2021-10-27,Pumpkin,84,Uttar Pradesh,9,Ghazipur,195,1260,1300,1280
2021-10-26,Pumpkin,84,Uttar Pradesh,9,Ghazipur,195,1250,1310,1280
2021-10-25,Pumpkin,84,Uttar Pradesh,9,Ghazipur,195,1250,1300,1280
2021-10-23,Pumpkin,84,Uttar Pradesh,9,Ghazipur,195,1260,1300,1280
2021-10-22,Pumpkin,84,Uttar Pradesh,9,Ghazipur,195,1260,1300,1280
2021-10-21,Pumpkin,84,Uttar Pradesh,9,Ghazipur,195,1260,1300,1280
2021-10-20,Pumpkin,84,Uttar Pradesh,9,Ghazipur,195,1320,1360,1340
2021-10-19,Pumpkin,84,Uttar Pradesh,9,Ghazipur,195,1300,1360,1340
2021-10-18,Pumpkin,84,Uttar Pradesh,9,Ghazipur,195,1330,1380,1350
2021-10-16,Pumpkin,84,Uttar Pradesh,9,Ghazipur,195,1320,1370,1350
2021-10-15,Pumpkin,84,Uttar Pradesh,9,Ghazipur,195,930,980,950
2021-10-14,Pumpkin,84,Uttar Pradesh,9,Ghazipur,195,930,980,950
2021-10-13,Pumpkin,84,Uttar Pradesh,9,Ghazipur,195,910,950,930
2021-10-12,Pumpkin,84,Uttar Pradesh,9,Ghazipur,195,900,960,930
2021-10-11,Pumpkin,84,Uttar Pradesh,9,Ghazipur,195,910,950,930
2021-10-09,Pumpkin,84,Uttar Pradesh,9,Ghazipur,195,900,960,930
2021-10-08,Pumpkin,84,Uttar Pradesh,9,Ghazipur,195,900,960,930
2021-10-07,Pumpkin,84,Uttar Pradesh,9,Ghazipur,195,930,970,950
2021-10-06,Pumpkin,84,Uttar Pradesh,9,Ghazipur,195,930,970,950
2021-10-05,Pumpkin,84,Uttar Pradesh,9,Ghazipur,195,930,980,950
2021-10-04,Pumpkin,84,Uttar Pradesh,9,Ghazipur,195,940,980,960
2021-10-02,Pumpkin,84,Uttar Pradesh,9,Ghazipur,195,930,980,960
2021-10-01,Pumpkin,84,Uttar Pradesh,9,Ghazipur,195,930,980,960
2021-09-30,Pumpkin,84,Uttar Pradesh,9,Ghazipur,195,940,980,960
2021-09-29,Pumpkin,84,Uttar Pradesh,9,Ghazipur,195,930,980,960
2021-09-28,Pumpkin,84,Uttar Pradesh,9,Ghazipur,195,940,980,960
2021-09-27,Pumpkin,84,Uttar Pradesh,9,Ghazipur,195,870,930,900
2021-09-25,Pumpkin,84,Uttar Pradesh,9,Ghazipur,195,880,920,900
2021-09-24,Pumpkin,84,Uttar Pradesh,9,Ghazipur,195,870,930,900
2021-09-23,Pumpkin,84,Uttar Pradesh,9,Ghazipur,195,880,920,900
2021-09-22,Pumpkin,84,Uttar Pradesh,9,Ghazipur,195,880,920,900
2021-09-21,Pumpkin,84,Uttar Pradesh,9,Ghazipur,195,870,930,900
2021-09-20,Pumpkin,84,Uttar Pradesh,9,Ghazipur,195,880,920,900
2021-09-17,Pumpkin,84,Uttar Pradesh,9,Ghazipur,195,870,930,900
2021-09-16,Pumpkin,84,Uttar Pradesh,9,Ghazipur,195,880,920,900
2021-09-15,Pumpkin,84,Uttar Pradesh,9,Ghazipur,195,870,930,900
2021-09-14,Pumpkin,84,Uttar Pradesh,9,Ghazipur,195,880,920,900
2021-09-13,Pumpkin,84,Uttar Pradesh,9,Ghazipur,195,880,920,900
2021-09-11,Pumpkin,84,Uttar Pradesh,9,Ghazipur,195,870,930,900
2021-09-10,Pumpkin,84,Uttar Pradesh,9,Ghazipur,195,870,930,900
2021-09-09,Pumpkin,84,Uttar Pradesh,9,Ghazipur,195,870,930,900
2021-09-08,Pumpkin,84,Uttar Pradesh,9,Ghazipur,195,980,1030,1000
2021-09-07,Pumpkin,84,Uttar Pradesh,9,Ghazipur,195,1600,1640,1620
2021-09-06,Pumpkin,84,Uttar Pradesh,9,Ghazipur,195,1600,1640,1620
2021-09-04,Pumpkin,84,Uttar Pradesh,9,Ghazipur,195,1600,1640,1620
2021-09-03,Pumpkin,84,Uttar Pradesh,9,Ghazipur,195,1580,1630,1600
2021-09-02,Pumpkin,84,Uttar Pradesh,9,Ghazipur,195,1570,1630,1600
2021-09-01,Pumpkin,84,Uttar Pradesh,9,Ghazipur,195,1570,1630,1600
2021-08-31,Pumpkin,84,Uttar Pradesh,9,Ghazipur,195,1580,1620,1600
2021-08-30,Pumpkin,84,Uttar Pradesh,9,Ghazipur,195,1590,1610,1600
2021-08-28,Pumpkin,84,Uttar Pradesh,9,Ghazipur,195,1570,1630,1600
2021-08-27,Pumpkin,84,Uttar Pradesh,9,Ghazipur,195,1660,1700,1680
2021-08-26,Pumpkin,84,Uttar Pradesh,9,Ghazipur,195,1650,1710,1680
2021-08-25,Pumpkin,84,Uttar Pradesh,9,Ghazipur,195,1580,1620,1600
2021-08-24,Pumpkin,84,Uttar Pradesh,9,Ghazipur,195,1550,1610,1580
2021-08-23,Pumpkin,84,Uttar Pradesh,9,Ghazipur,195,1560,1600,1580
2021-08-21,Pumpkin,84,Uttar Pradesh,9,Ghazipur,195,1560,1600,1580
2021-08-19,Pumpkin,84,Uttar Pradesh,9,Ghazipur,195,1600,1650,1630
2021-08-18,Pumpkin,84,Uttar Pradesh,9,Ghazipur,195,1610,1650,1630
2021-08-17,Pumpkin,84,Uttar Pradesh,9,Ghazipur,195,1600,1660,1630
2021-08-16,Pumpkin,84,Uttar Pradesh,9,Ghazipur,195,1600,1650,1630
2021-08-14,Pumpkin,84,Uttar Pradesh,9,Ghazipur,195,1580,1630,1600
2021-08-13,Pumpkin,84,Uttar Pradesh,9,Ghazipur,195,1520,1560,1540
2021-08-12,Pumpkin,84,Uttar Pradesh,9,Ghazipur,195,1520,1560,1540
2021-08-11,Pumpkin,84,Uttar Pradesh,9,Ghazipur,195,1510,1570,1540
2021-08-10,Pumpkin,84,Uttar Pradesh,9,Ghazipur,195,1870,1930,1900
2021-08-09,Pumpkin,84,Uttar Pradesh,9,Ghazipur,195,1880,1920,1900
2021-08-07,Pumpkin,84,Uttar Pradesh,9,Ghazipur,195,1890,1920,1900
2021-08-06,Pumpkin,84,Uttar Pradesh,9,Ghazipur,195,1880,1920,1900
2021-08-05,Pumpkin,84,Uttar Pradesh,9,Ghazipur,195,1870,1930,1900
2021-08-04,Pumpkin,84,Uttar Pradesh,9,Ghazipur,195,1880,1920,1900
2021-08-03,Pumpkin,84,Uttar Pradesh,9,Ghazipur,195,1870,1930,1900
2021-08-02,Pumpkin,84,Uttar Pradesh,9,Ghazipur,195,1880,1920,1900
2021-07-31,Pumpkin,84,Uttar Pradesh,9,Ghazipur,195,1890,1910,1900
2021-07-30,Pumpkin,84,Uttar Pradesh,9,Ghazipur,195,1880,1920,1900
2021-07-29,Pumpkin,84,Uttar Pradesh,9,Ghazipur,195,1870,1930,1900
2021-07-28,Pumpkin,84,Uttar Pradesh,9,Ghazipur,195,1880,1920,1900
2021-07-27,Pumpkin,84,Uttar Pradesh,9,Ghazipur,195,1280,1320,1300
2021-07-26,Pumpkin,84,Uttar Pradesh,9,Ghazipur,195,1180,1220,1200
2021-07-24,Pumpkin,84,Uttar Pradesh,9,Ghazipur,195,1160,1240,1200
2021-07-23,Pumpkin,84,Uttar Pradesh,9,Ghazipur,195,1180,1220,1200
2021-07-22,Pumpkin,84,Uttar Pradesh,9,Ghazipur,195,1170,1230,1200
2021-07-21,Pumpkin,84,Uttar Pradesh,9,Ghazipur,195,1180,1220,1200
2021-07-20,Pumpkin,84,Uttar Pradesh,9,Ghazipur,195,1170,1230,1200
2021-07-19,Pumpkin,84,Uttar Pradesh,9,Ghazipur,195,1180,1230,1200
2021-07-17,Pumpkin,84,Uttar Pradesh,9,Ghazipur,195,1180,1220,1200
2021-07-16,Pumpkin,84,Uttar Pradesh,9,Ghazipur,195,1180,1230,1200
2021-07-14,Pumpkin,84,Uttar Pradesh,9,Ghazipur,195,1170,1230,1200
2021-07-13,Pumpkin,84,Uttar Pradesh,9,Ghazipur,195,1180,1230,1200
2021-07-12,Pumpkin,84,Uttar Pradesh,9,Ghazipur,195,1000,1060,1030
2021-07-10,Pumpkin,84,Uttar Pradesh,9,Ghazipur,195,1010,1050,1030
2021-07-09,Pumpkin,84,Uttar Pradesh,9,Ghazipur,195,1000,1060,1030
2021-07-08,Pumpkin,84,Uttar Pradesh,9,Ghazipur,195,1010,1050,1030
2021-07-07,Pumpkin,84,Uttar Pradesh,9,Ghazipur,195,1000,1050,1030
2021-07-06,Pumpkin,84,Uttar Pradesh,9,Ghazipur,195,1000,1060,1030
2021-07-05,Pumpkin,84,Uttar Pradesh,9,Ghazipur,195,1000,1060,1030
2021-07-03,Pumpkin,84,Uttar Pradesh,9,Ghazipur,195,1010,1050,1030
2021-07-02,Pumpkin,84,Uttar Pradesh,9,Ghazipur,195,1010,1050,1030
2021-07-01,Pumpkin,84,Uttar Pradesh,9,Ghazipur,195,1000,1060,1030
2021-06-30,Pumpkin,84,Uttar Pradesh,9,Ghazipur,195,1010,1050,1030
2021-06-29,Pumpkin,84,Uttar Pradesh,9,Ghazipur,195,1000,1060,1030
2021-06-28,Pumpkin,84,Uttar Pradesh,9,Ghazipur,195,1010,1050,1030
2021-06-26,Pumpkin,84,Uttar Pradesh,9,Ghazipur,195,1000,1060,1030
2021-06-25,Pumpkin,84,Uttar Pradesh,9,Ghazipur,195,1010,1050,1030
2021-06-24,Pumpkin,84,Uttar Pradesh,9,Ghazipur,195,1000,1060,1030
2021-06-23,Pumpkin,84,Uttar Pradesh,9,Ghazipur,195,1000,1050,1030
2021-06-22,Pumpkin,84,Uttar Pradesh,9,Ghazipur,195,1100,1150,1130
2021-06-21,Pumpkin,84,Uttar Pradesh,9,Ghazipur,195,970,1030,1000
2021-06-19,Pumpkin,84,Uttar Pradesh,9,Ghazipur,195,960,1030,1000
2021-06-18,Pumpkin,84,Uttar Pradesh,9,Ghazipur,195,950,1010,980
2021-06-17,Pumpkin,84,Uttar Pradesh,9,Ghazipur,195,930,970,950
2021-06-16,Pumpkin,84,Uttar Pradesh,9,Ghazipur,195,920,980,950
2021-06-15,Pumpkin,84,Uttar Pradesh,9,Ghazipur,195,930,970,950
2021-06-14,Pumpkin,84,Uttar Pradesh,9,Ghazipur,195,930,970,950
2021-06-12,Pumpkin,84,Uttar Pradesh,9,Ghazipur,195,870,930,900
2021-06-11,Pumpkin,84,Uttar Pradesh,9,Ghazipur,195,780,820,800
2021-06-10,Pumpkin,84,Uttar Pradesh,9,Ghazipur,195,870,930,900
2021-06-09,Pumpkin,84,Uttar Pradesh,9,Ghazipur,195,880,920,900
2021-06-08,Pumpkin,84,Uttar Pradesh,9,Ghazipur,195,870,940,900
2021-06-07,Pumpkin,84,Uttar Pradesh,9,Ghazipur,195,870,930,900
2021-06-05,Pumpkin,84,Uttar Pradesh,9,Ghazipur,195,780,840,800
2021-06-04,Pumpkin,84,Uttar Pradesh,9,Ghazipur,195,780,830,800
2021-06-03,Pumpkin,84,Uttar Pradesh,9,Ghazipur,195,710,750,730
2021-06-02,Pumpkin,84,Uttar Pradesh,9,Ghazipur,195,700,760,730
2021-06-01,Pumpkin,84,Uttar Pradesh,9,Ghazipur,195,710,750,730
2021-05-31,Pumpkin,84,Uttar Pradesh,9,Ghazipur,195,700,760,730
2021-05-29,Pumpkin,84,Uttar Pradesh,9,Ghazipur,195,710,750,730
2021-05-28,Pumpkin,84,Uttar Pradesh,9,Ghazipur,195,700,760,730
2021-05-27,Pumpkin,84,Uttar Pradesh,9,Ghazipur,195,700,760,730
2021-05-26,Pumpkin,84,Uttar Pradesh,9,Ghazipur,195,830,870,850
2021-05-25,Pumpkin,84,Uttar Pradesh,9,Ghazipur,195,840,860,850
2021-05-24,Pumpkin,84,Uttar Pradesh,9,Ghazipur,195,820,880,850
2021-05-22,Pumpkin,84,Uttar Pradesh,9,Ghazipur,195,820,880,850
2021-05-21,Pumpkin,84,Uttar Pradesh,9,Ghazipur,195,830,870,850
2021-05-20,Pumpkin,84,Uttar Pradesh,9,Ghazipur,195,820,880,850
2021-05-19,Pumpkin,84,Uttar Pradesh,9,Ghazipur,195,830,870,850
2021-05-18,Pumpkin,84,Uttar Pradesh,9,Ghazipur,195,820,880,850
2021-05-17,Pumpkin,84,Uttar Pradesh,9,Ghazipur,195,830,870,850
2021-05-15,Pumpkin,84,Uttar Pradesh,9,Ghazipur,195,820,880,850
2021-05-14,Pumpkin,84,Uttar Pradesh,9,Ghazipur,195,830,870,850
2021-05-13,Pumpkin,84,Uttar Pradesh,9,Ghazipur,195,820,880,850
2021-05-12,Pumpkin,84,Uttar Pradesh,9,Ghazipur,195,830,870,850
2021-05-11,Pumpkin,84,Uttar Pradesh,9,Ghazipur,195,820,880,850
2021-05-10,Pumpkin,84,Uttar Pradesh,9,Ghazipur,195,830,870,850
2021-05-08,Pumpkin,84,Uttar Pradesh,9,Ghazipur,195,820,880,850
2021-05-07,Pumpkin,84,Uttar Pradesh,9,Ghazipur,195,780,820,800
2021-05-06,Pumpkin,84,Uttar Pradesh,9,Ghazipur,195,800,860,840
2021-05-05,Pumpkin,84,Uttar Pradesh,9,Ghazipur,195,780,820,800
2021-05-04,Pumpkin,84,Uttar Pradesh,9,Ghazipur,195,780,820,800
2021-05-03,Pumpkin,84,Uttar Pradesh,9,Ghazipur,195,770,830,800
2021-05-01,Pumpkin,84,Uttar Pradesh,9,Ghazipur,195,780,810,800
2021-04-30,Pumpkin,84,Uttar Pradesh,9,Ghazipur,195,780,820,800
2021-04-29,Pumpkin,84,Uttar Pradesh,9,Ghazipur,195,720,780,750
2021-04-28,Pumpkin,84,Uttar Pradesh,9,Ghazipur,195,730,770,750
2021-04-27,Pumpkin,84,Uttar Pradesh,9,Ghazipur,195,730,770,750
2021-04-26,Pumpkin,84,Uttar Pradesh,9,Ghazipur,195,730,770,750
2021-04-23,Pumpkin,84,Uttar Pradesh,9,Ghazipur,195,670,730,700
2021-04-22,Pumpkin,84,Uttar Pradesh,9,Ghazipur,195,680,720,700
2021-04-20,Pumpkin,84,Uttar Pradesh,9,Ghazipur,195,670,730,700
2021-04-19,Pumpkin,84,Uttar Pradesh,9,Ghazipur,195,680,720,700
2021-04-17,Pumpkin,84,Uttar Pradesh,9,Ghazipur,195,670,730,700
2021-04-16,Pumpkin,84,Uttar Pradesh,9,Ghazipur,195,680,730,700
2021-04-15,Pumpkin,84,Uttar Pradesh,9,Ghazipur,195,680,730,700
2021-04-14,Pumpkin,84,Uttar Pradesh,9,Ghazipur,195,700,780,750
2021-04-13,Pumpkin,84,Uttar Pradesh,9,Ghazipur,195,930,970,950
2021-04-12,Pumpkin,84,Uttar Pradesh,9,Ghazipur,195,930,980,950
2021-04-10,Pumpkin,84,Uttar Pradesh,9,Ghazipur,195,930,980,950
2021-04-09,Pumpkin,84,Uttar Pradesh,9,Ghazipur,195,930,970,950
2021-04-08,Pumpkin,84,Uttar Pradesh,9,Ghazipur,195,930,970,950
2021-04-07,Pumpkin,84,Uttar Pradesh,9,Ghazipur,195,870,930,900
2021-04-06,Pumpkin,84,Uttar Pradesh,9,Ghazipur,195,880,930,900
2021-04-05,Pumpkin,84,Uttar Pradesh,9,Ghazipur,195,870,930,900
2021-04-03,Pumpkin,84,Uttar Pradesh,9,Ghazipur,195,980,1030,1000
2021-04-02,Pumpkin,84,Uttar Pradesh,9,Ghazipur,195,980,1030,1000
2021-04-01,Pumpkin,84,Uttar Pradesh,9,Ghazipur,195,1380,1420,1400
2021-03-31,Pumpkin,84,Uttar Pradesh,9,Ghazipur,195,1420,1450,1430
2021-03-30,Pumpkin,84,Uttar Pradesh,9,Ghazipur,195,1400,1460,1430
2021-03-26,Pumpkin,84,Uttar Pradesh,9,Ghazipur,195,1380,1420,1400
2021-03-25,Pumpkin,84,Uttar Pradesh,9,Ghazipur,195,1380,1420,1400
2021-03-24,Pumpkin,84,Uttar Pradesh,9,Ghazipur,195,1330,1390,1360
2020-12-18,Pumpkin,84,Uttar Pradesh,9,Ghazipur,195,1480,1530,1500
2020-12-17,Pumpkin,84,Uttar Pradesh,9,Ghazipur,195,970,1030,1000
2020-12-16,Pumpkin,84,Uttar Pradesh,9,Ghazipur,195,1480,1520,1500
2020-12-15,Pumpkin,84,Uttar Pradesh,9,Ghazipur,195,1470,1530,1500
2020-12-14,Pumpkin,84,Uttar Pradesh,9,Ghazipur,195,1470,1530,1500
2020-12-12,Pumpkin,84,Uttar Pradesh,9,Ghazipur,195,1470,1630,1600
2020-12-11,Pumpkin,84,Uttar Pradesh,9,Ghazipur,195,1480,1530,1500
2020-12-10,Pumpkin,84,Uttar Pradesh,9,Ghazipur,195,1580,1620,1600
2020-12-09,Pumpkin,84,Uttar Pradesh,9,Ghazipur,195,1570,1630,1600
2020-12-08,Pumpkin,84,Uttar Pradesh,9,Ghazipur,195,1560,1630,1600
2020-12-07,Pumpkin,84,Uttar Pradesh,9,Ghazipur,195,1570,1640,1600
2020-12-05,Pumpkin,84,Uttar Pradesh,9,Ghazipur,195,1580,1620,1600
2020-12-04,Pumpkin,84,Uttar Pradesh,9,Ghazipur,195,1570,1630,1600
2020-12-03,Pumpkin,84,Uttar Pradesh,9,Ghazipur,195,1570,1630,1600
2020-11-27,Pumpkin,84,Uttar Pradesh,9,Ghazipur,195,1570,1630,1600
2020-11-26,Pumpkin,84,Uttar Pradesh,9,Ghazipur,195,3980,4020,4000
2020-11-25,Pumpkin,84,Uttar Pradesh,9,Ghazipur,195,1570,1630,1600
2020-11-24,Pumpkin,84,Uttar Pradesh,9,Ghazipur,195,1580,1620,1600
2020-11-23,Pumpkin,84,Uttar Pradesh,9,Ghazipur,195,1580,1630,1600
2020-11-20,Pumpkin,84,Uttar Pradesh,9,Ghazipur,195,1500,1550,1530
2020-11-19,Pumpkin,84,Uttar Pradesh,9,Ghazipur,195,1500,1560,1530
2020-11-18,Pumpkin,84,Uttar Pradesh,9,Ghazipur,195,1500,1560,1530
2020-11-17,Pumpkin,84,Uttar Pradesh,9,Ghazipur,195,1540,1580,1560
2020-11-16,Pumpkin,84,Uttar Pradesh,9,Ghazipur,195,1530,1590,1560
2020-11-13,Pumpkin,84,Uttar Pradesh,9,Ghazipur,195,1530,1580,1560
2020-11-12,Pumpkin,84,Uttar Pradesh,9,Ghazipur,195,1500,1560,1530
2020-11-11,Pumpkin,84,Uttar Pradesh,9,Ghazipur,195,1500,1560,1530
2020-11-10,Pumpkin,84,Uttar Pradesh,9,Ghazipur,195,1500,1560,1530
2020-11-09,Pumpkin,84,Uttar Pradesh,9,Ghazipur,195,1510,1550,1530
2020-11-07,Pumpkin,84,Uttar Pradesh,9,Ghazipur,195,1500,1560,1530
2020-11-06,Pumpkin,84,Uttar Pradesh,9,Ghazipur,195,1490,1530,1510
2020-11-05,Pumpkin,84,Uttar Pradesh,9,Ghazipur,195,1485,1515,1500
2020-11-04,Pumpkin,84,Uttar Pradesh,9,Ghazipur,195,1480,1530,1500
2020-11-03,Pumpkin,84,Uttar Pradesh,9,Ghazipur,195,1480,1530,1500
2020-11-02,Pumpkin,84,Uttar Pradesh,9,Ghazipur,195,1480,1530,1500
2020-10-31,Pumpkin,84,Uttar Pradesh,9,Ghazipur,195,1480,1540,1500
2020-10-30,Pumpkin,84,Uttar Pradesh,9,Ghazipur,195,1470,1530,1500
2020-10-29,Pumpkin,84,Uttar Pradesh,9,Ghazipur,195,1540,1580,1560
2020-10-28,Pumpkin,84,Uttar Pradesh,9,Ghazipur,195,1480,1520,1500
2020-10-27,Pumpkin,84,Uttar Pradesh,9,Ghazipur,195,1480,1530,1500
2020-10-26,Pumpkin,84,Uttar Pradesh,9,Ghazipur,195,1470,1540,1500
2020-10-24,Pumpkin,84,Uttar Pradesh,9,Ghazipur,195,1470,1530,1500
2020-10-23,Pumpkin,84,Uttar Pradesh,9,Ghazipur,195,1520,1540,1530
2020-10-22,Pumpkin,84,Uttar Pradesh,9,Ghazipur,195,1480,1520,1500
2020-10-21,Pumpkin,84,Uttar Pradesh,9,Ghazipur,195,1480,1530,1500
2020-10-20,Pumpkin,84,Uttar Pradesh,9,Ghazipur,195,1460,1500,1480
2020-10-19,Pumpkin,84,Uttar Pradesh,9,Ghazipur,195,1480,1520,1500
2020-10-17,Pumpkin,84,Uttar Pradesh,9,Ghazipur,195,1380,1430,1400
2020-10-16,Pumpkin,84,Uttar Pradesh,9,Ghazipur,195,1370,1450,1400
2020-10-15,Pumpkin,84,Uttar Pradesh,9,Ghazipur,195,1480,1520,1500
2020-10-14,Pumpkin,84,Uttar Pradesh,9,Ghazipur,195,1480,1530,1500
2020-10-13,Pumpkin,84,Uttar Pradesh,9,Ghazipur,195,1470,1530,1500
2020-10-12,Pumpkin,84,Uttar Pradesh,9,Ghazipur,195,1480,1530,1500
2020-10-10,Pumpkin,84,Uttar Pradesh,9,Ghazipur,195,1450,1510,1480
2020-10-09,Pumpkin,84,Uttar Pradesh,9,Ghazipur,195,1460,1500,1480
2020-10-08,Pumpkin,84,Uttar Pradesh,9,Ghazipur,195,1450,1510,1480
2020-10-07,Pumpkin,84,Uttar Pradesh,9,Ghazipur,195,1465,1495,1480
2020-10-06,Pumpkin,84,Uttar Pradesh,9,Ghazipur,195,1460,1500,1480
2020-10-05,Pumpkin,84,Uttar Pradesh,9,Ghazipur,195,1460,1500,1480
2020-10-03,Pumpkin,84,Uttar Pradesh,9,Ghazipur,195,1460,1500,1480
2020-10-01,Pumpkin,84,Uttar Pradesh,9,Ghazipur,195,1400,1450,1430
2020-09-30,Pumpkin,84,Uttar Pradesh,9,Ghazipur,195,1380,1450,1400
2020-09-29,Pumpkin,84,Uttar Pradesh,9,Ghazipur,195,1380,1420,1400
2020-09-28,Pumpkin,84,Uttar Pradesh,9,Ghazipur,195,1370,1430,1400
2020-09-26,Pumpkin,84,Uttar Pradesh,9,Ghazipur,195,1380,1430,1400
2020-09-25,Pumpkin,84,Uttar Pradesh,9,Ghazipur,195,1370,1450,1400
2020-09-24,Pumpkin,84,Uttar Pradesh,9,Ghazipur,195,1370,1430,1400
2020-09-23,Pumpkin,84,Uttar Pradesh,9,Ghazipur,195,1370,1430,1400
2020-09-22,Pumpkin,84,Uttar Pradesh,9,Ghazipur,195,1370,1430,1400
2020-09-21,Pumpkin,84,Uttar Pradesh,9,Ghazipur,195,1370,1430,1400
2020-09-18,Pumpkin,84,Uttar Pradesh,9,Ghazipur,195,1330,1370,1350
2020-09-17,Pumpkin,84,Uttar Pradesh,9,Ghazipur,195,1320,1380,1350
2020-09-16,Pumpkin,84,Uttar Pradesh,9,Ghazipur,195,1320,1380,1350
2020-09-14,Pumpkin,84,Uttar Pradesh,9,Ghazipur,195,1300,1360,1340
2020-09-12,Pumpkin,84,Uttar Pradesh,9,Ghazipur,195,1320,1360,1340
2020-09-09,Pumpkin,84,Uttar Pradesh,9,Ghazipur,195,1340,1380,1360
2020-09-08,Pumpkin,84,Uttar Pradesh,9,Ghazipur,195,1340,1400,1360
2020-09-07,Pumpkin,84,Uttar Pradesh,9,Ghazipur,195,1270,1340,1300
2020-09-05,Pumpkin,84,Uttar Pradesh,9,Ghazipur,195,1210,1250,1230
2020-09-04,Pumpkin,84,Uttar Pradesh,9,Ghazipur,195,1200,1260,1230
2020-09-03,Pumpkin,84,Uttar Pradesh,9,Ghazipur,195,1200,1250,1230
2020-09-02,Pumpkin,84,Uttar Pradesh,9,Ghazipur,195,1200,1250,1230
2020-09-01,Pumpkin,84,Uttar Pradesh,9,Ghazipur,195,1200,1250,1230
2020-08-31,Pumpkin,84,Uttar Pradesh,9,Ghazipur,195,1160,1230,1200
2020-08-29,Pumpkin,84,Uttar Pradesh,9,Ghazipur,195,1160,1230,1200
2020-08-28,Pumpkin,84,Uttar Pradesh,9,Ghazipur,195,1170,1230,1200
2020-08-27,Pumpkin,84,Uttar Pradesh,9,Ghazipur,195,1160,1230,1200
2020-08-26,Pumpkin,84,Uttar Pradesh,9,Ghazipur,195,1170,1230,1200
2020-08-25,Pumpkin,84,Uttar Pradesh,9,Ghazipur,195,1170,1230,1200
2020-08-20,Pumpkin,84,Uttar Pradesh,9,Ghazipur,195,1170,1230,1200
2020-08-18,Pumpkin,84,Uttar Pradesh,9,Ghazipur,195,1160,1230,1200
2020-08-17,Pumpkin,84,Uttar Pradesh,9,Ghazipur,195,1250,1300,1280
2020-08-13,Pumpkin,84,Uttar Pradesh,9,Ghazipur,195,1240,1300,1280
2020-08-12,Pumpkin,84,Uttar Pradesh,9,Ghazipur,195,1250,1300,1280
2020-08-11,Pumpkin,84,Uttar Pradesh,9,Ghazipur,195,1230,1280,1260
2020-08-10,Pumpkin,84,Uttar Pradesh,9,Ghazipur,195,1230,1280,1260
2020-08-08,Pumpkin,84,Uttar Pradesh,9,Ghazipur,195,1240,1280,1260
2020-08-07,Pumpkin,84,Uttar Pradesh,9,Ghazipur,195,1230,1280,1260
2020-08-06,Pumpkin,84,Uttar Pradesh,9,Ghazipur,195,1200,1260,1240
2020-08-05,Pumpkin,84,Uttar Pradesh,9,Ghazipur,195,1200,1260,1240
2020-08-04,Pumpkin,84,Uttar Pradesh,9,Ghazipur,195,1200,1260,1240
2020-08-03,Pumpkin,84,Uttar Pradesh,9,Ghazipur,195,1200,1270,1240
2020-07-31,Pumpkin,84,Uttar Pradesh,9,Ghazipur,195,1200,1260,1230
2020-07-30,Pumpkin,84,Uttar Pradesh,9,Ghazipur,195,1200,1250,1230
2020-07-29,Pumpkin,84,Uttar Pradesh,9,Ghazipur,195,1200,1250,1230
2020-07-28,Pumpkin,84,Uttar Pradesh,9,Ghazipur,195,1200,1250,1230
2020-07-27,Pumpkin,84,Uttar Pradesh,9,Ghazipur,195,1200,1250,1230
2020-07-25,Pumpkin,84,Uttar Pradesh,9,Ghazipur,195,1200,1250,1230
2020-07-24,Pumpkin,84,Uttar Pradesh,9,Ghazipur,195,1130,1170,1150
2020-07-23,Pumpkin,84,Uttar Pradesh,9,Ghazipur,195,1360,1430,1400
2020-07-22,Pumpkin,84,Uttar Pradesh,9,Ghazipur,195,1120,1170,1150
2020-07-21,Pumpkin,84,Uttar Pradesh,9,Ghazipur,195,1070,1130,1100
2020-07-20,Pumpkin,84,Uttar Pradesh,9,Ghazipur,195,1080,1120,1100
2020-07-18,Pumpkin,84,Uttar Pradesh,9,Ghazipur,195,1070,1140,1100
2020-07-17,Pumpkin,84,Uttar Pradesh,9,Ghazipur,195,1080,1140,1100
2020-07-16,Pumpkin,84,Uttar Pradesh,9,Ghazipur,195,1070,1130,1100
2020-07-15,Pumpkin,84,Uttar Pradesh,9,Ghazipur,195,930,980,950
2020-07-14,Pumpkin,84,Uttar Pradesh,9,Ghazipur,195,920,980,950
2020-07-13,Pumpkin,84,Uttar Pradesh,9,Ghazipur,195,920,980,950
2020-07-09,Pumpkin,84,Uttar Pradesh,9,Ghazipur,195,915,985,950
2020-07-08,Pumpkin,84,Uttar Pradesh,9,Ghazipur,195,915,990,950
2020-07-07,Pumpkin,84,Uttar Pradesh,9,Ghazipur,195,890,960,925
2020-07-06,Pumpkin,84,Uttar Pradesh,9,Ghazipur,195,860,940,900
2020-07-05,Pumpkin,84,Uttar Pradesh,9,Ghazipur,195,850,950,900
2020-07-04,Pumpkin,84,Uttar Pradesh,9,Ghazipur,195,835,915,875
2020-07-03,Pumpkin,84,Uttar Pradesh,9,Ghazipur,195,835,910,875
2020-07-02,Pumpkin,84,Uttar Pradesh,9,Ghazipur,195,830,870,850
2020-07-01,Pumpkin,84,Uttar Pradesh,9,Ghazipur,195,780,870,825
2020-06-30,Pumpkin,84,Uttar Pradesh,9,Ghazipur,195,880,965,925
2020-06-29,Pumpkin,84,Uttar Pradesh,9,Ghazipur,195,835,920,875
2020-06-28,Pumpkin,84,Uttar Pradesh,9,Ghazipur,195,850,950,900
2020-06-27,Pumpkin,84,Uttar Pradesh,9,Ghazipur,195,860,935,900
2020-06-26,Pumpkin,84,Uttar Pradesh,9,Ghazipur,195,860,940,900
2020-06-25,Pumpkin,84,Uttar Pradesh,9,Ghazipur,195,760,840,800
2020-06-24,Pumpkin,84,Uttar Pradesh,9,Ghazipur,195,580,670,625
2020-06-23,Pumpkin,84,Uttar Pradesh,9,Ghazipur,195,540,610,575
2020-06-22,Pumpkin,84,Uttar Pradesh,9,Ghazipur,195,375,455,415
2020-06-21,Pumpkin,84,Uttar Pradesh,9,Ghazipur,195,350,450,400
2020-06-20,Pumpkin,84,Uttar Pradesh,9,Ghazipur,195,500,560,530
2020-06-17,Pumpkin,84,Uttar Pradesh,9,Ghazipur,195,350,450,400
2020-06-16,Pumpkin,84,Uttar Pradesh,9,Ghazipur,195,425,515,470
2020-06-15,Pumpkin,84,Uttar Pradesh,9,Ghazipur,195,380,460,420
2020-06-13,Pumpkin,84,Uttar Pradesh,9,Ghazipur,195,375,460,420
2020-06-12,Pumpkin,84,Uttar Pradesh,9,Ghazipur,195,375,455,415
2020-06-11,Pumpkin,84,Uttar Pradesh,9,Ghazipur,195,370,440,405
2020-06-10,Pumpkin,84,Uttar Pradesh,9,Ghazipur,195,360,440,400
2020-06-09,Pumpkin,84,Uttar Pradesh,9,Ghazipur,195,500,540,520
2020-06-08,Pumpkin,84,Uttar Pradesh,9,Ghazipur,195,400,450,430
2020-06-05,Pumpkin,84,Uttar Pradesh,9,Ghazipur,195,430,530,480
2020-06-04,Pumpkin,84,Uttar Pradesh,9,Ghazipur,195,430,530,480
2020-06-03,Pumpkin,84,Uttar Pradesh,9,Ghazipur,195,350,450,400
2020-06-02,Pumpkin,84,Uttar Pradesh,9,Ghazipur,195,360,440,400
2020-06-01,Pumpkin,84,Uttar Pradesh,9,Ghazipur,195,360,440,400
2020-05-30,Pumpkin,84,Uttar Pradesh,9,Ghazipur,195,370,430,400
2020-05-29,Pumpkin,84,Uttar Pradesh,9,Ghazipur,195,370,450,400
2020-05-28,Pumpkin,84,Uttar Pradesh,9,Ghazipur,195,370,430,400
2020-05-27,Pumpkin,84,Uttar Pradesh,9,Ghazipur,195,370,440,400
2020-05-26,Pumpkin,84,Uttar Pradesh,9,Ghazipur,195,460,530,500
2020-05-25,Pumpkin,84,Uttar Pradesh,9,Ghazipur,195,450,540,500
2020-05-23,Pumpkin,84,Uttar Pradesh,9,Ghazipur,195,460,530,500
2020-05-21,Pumpkin,84,Uttar Pradesh,9,Ghazipur,195,430,500,460
2020-05-20,Pumpkin,84,Uttar Pradesh,9,Ghazipur,195,430,480,460
2020-05-19,Pumpkin,84,Uttar Pradesh,9,Ghazipur,195,460,540,500
2020-05-18,Pumpkin,84,Uttar Pradesh,9,Ghazipur,195,470,530,500
2020-05-16,Pumpkin,84,Uttar Pradesh,9,Ghazipur,195,480,530,500
2020-05-15,Pumpkin,84,Uttar Pradesh,9,Ghazipur,195,470,530,500
2020-05-13,Pumpkin,84,Uttar Pradesh,9,Ghazipur,195,560,630,600
2020-05-12,Pumpkin,84,Uttar Pradesh,9,Ghazipur,195,560,640,600
2020-05-11,Pumpkin,84,Uttar Pradesh,9,Ghazipur,195,570,630,600
2020-05-08,Pumpkin,84,Uttar Pradesh,9,Ghazipur,195,560,640,600
2020-05-06,Pumpkin,84,Uttar Pradesh,9,Ghazipur,195,740,760,750
2020-05-04,Pumpkin,84,Uttar Pradesh,9,Ghazipur,195,720,780,750
2020-05-02,Pumpkin,84,Uttar Pradesh,9,Ghazipur,195,720,780,750
2020-05-01,Pumpkin,84,Uttar Pradesh,9,Ghazipur,195,720,800,750
2020-04-30,Pumpkin,84,Uttar Pradesh,9,Ghazipur,195,730,780,750
2020-04-29,Pumpkin,84,Uttar Pradesh,9,Ghazipur,195,700,760,730
2020-04-28,Pumpkin,84,Uttar Pradesh,9,Ghazipur,195,700,750,730
2020-04-27,Pumpkin,84,Uttar Pradesh,9,Ghazipur,195,700,760,730
2020-04-25,Pumpkin,84,Uttar Pradesh,9,Ghazipur,195,670,740,700
2020-04-24,Pumpkin,84,Uttar Pradesh,9,Ghazipur,195,670,740,700
2020-04-23,Pumpkin,84,Uttar Pradesh,9,Ghazipur,195,720,780,750
2020-04-22,Pumpkin,84,Uttar Pradesh,9,Ghazipur,195,720,770,750
2020-04-21,Pumpkin,84,Uttar Pradesh,9,Ghazipur,195,760,830,800
2020-04-20,Pumpkin,84,Uttar Pradesh,9,Ghazipur,195,780,830,800
2020-04-18,Pumpkin,84,Uttar Pradesh,9,Ghazipur,195,780,830,800
2020-04-17,Pumpkin,84,Uttar Pradesh,9,Ghazipur,195,750,800,780
2020-04-16,Pumpkin,84,Uttar Pradesh,9,Ghazipur,195,760,800,780
2020-04-15,Pumpkin,84,Uttar Pradesh,9,Ghazipur,195,780,830,800
2020-04-13,Pumpkin,84,Uttar Pradesh,9,Ghazipur,195,760,840,800
2020-04-11,Pumpkin,84,Uttar Pradesh,9,Ghazipur,195,760,840,800
2020-04-10,Pumpkin,84,Uttar Pradesh,9,Ghazipur,195,780,830,800
2020-04-09,Pumpkin,84,Uttar Pradesh,9,Ghazipur,195,780,840,800
2020-04-08,Pumpkin,84,Uttar Pradesh,9,Ghazipur,195,780,840,800
2020-04-07,Pumpkin,84,Uttar Pradesh,9,Ghazipur,195,870,930,900
2020-04-06,Pumpkin,84,Uttar Pradesh,9,Ghazipur,195,870,930,900
2020-04-02,Pumpkin,84,Uttar Pradesh,9,Ghazipur,195,940,1000,960
2020-04-01,Pumpkin,84,Uttar Pradesh,9,Ghazipur,195,930,980,960
2019-12-10,Pumpkin,84,Uttar Pradesh,9,Ghazipur,195,1770,1830,1800
2019-12-09,Pumpkin,84,Uttar Pradesh,9,Ghazipur,195,1450,1540,1500
2019-12-07,Pumpkin,84,Uttar Pradesh,9,Ghazipur,195,1170,1250,1200
2019-12-06,Pumpkin,84,Uttar Pradesh,9,Ghazipur,195,1060,1130,1100
2019-12-05,Pumpkin,84,Uttar Pradesh,9,Ghazipur,195,1080,1120,1100
2019-12-04,Pumpkin,84,Uttar Pradesh,9,Ghazipur,195,1070,1130,1100
2019-12-03,Pumpkin,84,Uttar Pradesh,9,Ghazipur,195,1080,1120,1100
2019-12-02,Pumpkin,84,Uttar Pradesh,9,Ghazipur,195,1070,1120,1100
2019-11-30,Pumpkin,84,Uttar Pradesh,9,Ghazipur,195,1320,1385,1350
2019-11-29,Pumpkin,84,Uttar Pradesh,9,Ghazipur,195,1222.5,1272.5,1250
2019-11-28,Pumpkin,84,Uttar Pradesh,9,Ghazipur,195,1222.5,1272.5,1250
2019-11-27,Pumpkin,84,Uttar Pradesh,9,Ghazipur,195,1222.5,1292.5,1240
2019-11-26,Pumpkin,84,Uttar Pradesh,9,Ghazipur,195,1080,1120,1100
2019-11-25,Pumpkin,84,Uttar Pradesh,9,Ghazipur,195,1192.5,1257.5,1225
2019-11-24,Pumpkin,84,Uttar Pradesh,9,Ghazipur,195,1330,1370,1350
2019-11-23,Pumpkin,84,Uttar Pradesh,9,Ghazipur,195,1190,1260,1225
2019-11-22,Pumpkin,84,Uttar Pradesh,9,Ghazipur,195,1200,1245,1225
2019-11-21,Pumpkin,84,Uttar Pradesh,9,Ghazipur,195,1290,1360,1325
2019-11-20,Pumpkin,84,Uttar Pradesh,9,Ghazipur,195,1305,1345,1325
2019-11-19,Pumpkin,84,Uttar Pradesh,9,Ghazipur,195,1270,1330,1300
2019-11-18,Pumpkin,84,Uttar Pradesh,9,Ghazipur,195,1300,1345,1325
2019-11-17,Pumpkin,84,Uttar Pradesh,9,Ghazipur,195,1300,1360,1350
2019-11-16,Pumpkin,84,Uttar Pradesh,9,Ghazipur,195,1270,1345,1300
2019-11-15,Pumpkin,84,Uttar Pradesh,9,Ghazipur,195,1225,1350,1300
2019-11-14,Pumpkin,84,Uttar Pradesh,9,Ghazipur,195,1375,1425,1400
2019-11-13,Pumpkin,84,Uttar Pradesh,9,Ghazipur,195,1300,1400,1350
2019-11-12,Pumpkin,84,Uttar Pradesh,9,Ghazipur,195,1150,1270,1200
2019-11-11,Pumpkin,84,Uttar Pradesh,9,Ghazipur,195,1270,1340,1305
2019-11-10,Pumpkin,84,Uttar Pradesh,9,Ghazipur,195,1300,1400,1350
2019-11-09,Pumpkin,84,Uttar Pradesh,9,Ghazipur,195,1275,1330,1305
2019-11-08,Pumpkin,84,Uttar Pradesh,9,Ghazipur,195,1250,1320,1280
2019-11-07,Pumpkin,84,Uttar Pradesh,9,Ghazipur,195,1260,1310,1280
2019-11-06,Pumpkin,84,Uttar Pradesh,9,Ghazipur,195,1247.5,1317.5,1280
2019-11-05,Pumpkin,84,Uttar Pradesh,9,Ghazipur,195,1280,1320,1300
2019-11-04,Pumpkin,84,Uttar Pradesh,9,Ghazipur,195,1180,1290,1250
2019-11-03,Pumpkin,84,Uttar Pradesh,9,Ghazipur,195,1160,1240,1200
2019-11-02,Pumpkin,84,Uttar Pradesh,9,Ghazipur,195,1175,1290,1250
2019-11-01,Pumpkin,84,Uttar Pradesh,9,Ghazipur,195,1247.5,1307.5,1275
2019-10-31,Pumpkin,84,Uttar Pradesh,9,Ghazipur,195,1235,1315,1275
2019-10-30,Pumpkin,84,Uttar Pradesh,9,Ghazipur,195,1170,1230,1200
2019-10-28,Pumpkin,84,Uttar Pradesh,9,Ghazipur,195,1170,1240,1200
2019-10-26,Pumpkin,84,Uttar Pradesh,9,Ghazipur,195,1120,1200,1155
2019-10-25,Pumpkin,84,Uttar Pradesh,9,Ghazipur,195,1060,1143.3333333333333,1103.3333333333333
2019-10-24,Pumpkin,84,Uttar Pradesh,9,Ghazipur,195,1116.6666666666667,1193.3333333333333,1153.3333333333333
2019-10-23,Pumpkin,84,Uttar Pradesh,9,Ghazipur,195,1123.3333333333333,1190,1153.3333333333333
2019-10-22,Pumpkin,84,Uttar Pradesh,9,Ghazipur,195,1115,1185,1150
2019-10-21,Pumpkin,84,Uttar Pradesh,9,Ghazipur,195,1200,1270,1236.6666666666667
2019-10-19,Pumpkin,84,Uttar Pradesh,9,Ghazipur,195,1030,1100,1065
2019-10-18,Pumpkin,84,Uttar Pradesh,9,Ghazipur,195,1090,1170,1130
2019-10-17,Pumpkin,84,Uttar Pradesh,9,Ghazipur,195,1095,1165,1130
2019-10-16,Pumpkin,84,Uttar Pradesh,9,Ghazipur,195,1213.3333333333333,1290,1253.3333333333333
2019-10-15,Pumpkin,84,Uttar Pradesh,9,Ghazipur,195,1065,1135,1100
2019-10-14,Pumpkin,84,Uttar Pradesh,9,Ghazipur,195,1196.6666666666667,1273.3333333333333,1233.3333333333333
2019-10-13,Pumpkin,84,Uttar Pradesh,9,Ghazipur,195,1460,1530,1500
2019-10-12,Pumpkin,84,Uttar Pradesh,9,Ghazipur,195,1220,1286.6666666666667,1253.3333333333333
2019-10-11,Pumpkin,84,Uttar Pradesh,9,Ghazipur,195,1183.3333333333333,1263.3333333333333,1220
2019-10-10,Pumpkin,84,Uttar Pradesh,9,Ghazipur,195,1186.6666666666667,1253.3333333333333,1220
2019-10-09,Pumpkin,84,Uttar Pradesh,9,Ghazipur,195,1130,1210,1166.6666666666667
2019-10-07,Pumpkin,84,Uttar Pradesh,9,Ghazipur,195,1120,1185,1150
2019-10-06,Pumpkin,84,Uttar Pradesh,9,Ghazipur,195,1040,1100,1070
2019-10-05,Pumpkin,84,Uttar Pradesh,9,Ghazipur,195,1056.6666666666667,1130,1090
2019-10-04,Pumpkin,84,Uttar Pradesh,9,Ghazipur,195,1060,1130,1090
2019-10-03,Pumpkin,84,Uttar Pradesh,9,Ghazipur,195,990,1063.3333333333333,1023.3333333333334
2019-10-02,Pumpkin,84,Uttar Pradesh,9,Ghazipur,195,995,1075,1035
2019-10-01,Pumpkin,84,Uttar Pradesh,9,Ghazipur,195,960,1040,1000
2019-09-30,Pumpkin,84,Uttar Pradesh,9,Ghazipur,195,1063.3333333333333,1136.6666666666667,1100
2019-09-29,Pumpkin,84,Uttar Pradesh,9,Ghazipur,195,1170,1240,1200
2019-09-28,Pumpkin,84,Uttar Pradesh,9,Ghazipur,195,1036.6666666666667,1100,1066.6666666666667
2019-09-27,Pumpkin,84,Uttar Pradesh,9,Ghazipur,195,996.6666666666666,1070,1033.3333333333333
2019-09-26,Pumpkin,84,Uttar Pradesh,9,Ghazipur,195,936.6666666666666,1010,973.3333333333334
2019-09-25,Pumpkin,84,Uttar Pradesh,9,Ghazipur,195,896.6666666666666,963.3333333333334,930
2019-09-24,Pumpkin,84,Uttar Pradesh,9,Ghazipur,195,855,935,895
2019-09-23,Pumpkin,84,Uttar Pradesh,9,Ghazipur,195,943.3333333333334,1013.3333333333334,980
2019-09-22,Pumpkin,84,Uttar Pradesh,9,Ghazipur,195,900,1000,950
2019-09-21,Pumpkin,84,Uttar Pradesh,9,Ghazipur,195,906.6666666666666,973.3333333333334,936.6666666666666
2019-09-20,Pumpkin,84,Uttar Pradesh,9,Ghazipur,195,910,983.3333333333334,946.6666666666666
2019-09-19,Pumpkin,84,Uttar Pradesh,9,Ghazipur,195,873.3333333333334,950,913.3333333333334
2019-09-18,Pumpkin,84,Uttar Pradesh,9,Ghazipur,195,880,950,913.3333333333334
2019-09-17,Pumpkin,84,Uttar Pradesh,9,Ghazipur,195,885,955,920
2019-09-16,Pumpkin,84,Uttar Pradesh,9,Ghazipur,195,906.6666666666666,980,946.6666666666666
2019-09-15,Pumpkin,84,Uttar Pradesh,9,Ghazipur,195,870,930,900
2019-09-14,Pumpkin,84,Uttar Pradesh,9,Ghazipur,195,875,925,900
2019-09-13,Pumpkin,84,Uttar Pradesh,9,Ghazipur,195,890,973.3333333333334,933.3333333333334
2019-09-12,Pumpkin,84,Uttar Pradesh,9,Ghazipur,195,966.6666666666666,1036.6666666666667,1000
2019-09-11,Pumpkin,84,Uttar Pradesh,9,Ghazipur,195,1033.3333333333333,1123.3333333333333,1083.3333333333333
2019-09-10,Pumpkin,84,Uttar Pradesh,9,Ghazipur,195,980,1040,1000
2019-09-09,Pumpkin,84,Uttar Pradesh,9,Ghazipur,195,1173.3333333333333,1246.6666666666667,1210
2019-09-08,Pumpkin,84,Uttar Pradesh,9,Ghazipur,195,1070,1140,1100
2019-09-07,Pumpkin,84,Uttar Pradesh,9,Ghazipur,195,1056.6666666666667,1156.6666666666667,1116.6666666666667
2019-09-06,Pumpkin,84,Uttar Pradesh,9,Ghazipur,195,1050,1150,1100
2019-09-05,Pumpkin,84,Uttar Pradesh,9,Ghazipur,195,1085,1165,1125
2019-09-04,Pumpkin,84,Uttar Pradesh,9,Ghazipur,195,1143.3333333333333,1210,1180
2019-09-03,Pumpkin,84,Uttar Pradesh,9,Ghazipur,195,1117.5,1307.5,1275
2019-09-02,Pumpkin,84,Uttar Pradesh,9,Ghazipur,195,1143.3333333333333,1213.3333333333333,1180
2019-09-01,Pumpkin,84,Uttar Pradesh,9,Ghazipur,195,1200,1250,1230
2019-08-31,Pumpkin,84,Uttar Pradesh,9,Ghazipur,195,1133.3333333333333,1196.6666666666667,1170
2019-08-30,Pumpkin,84,Uttar Pradesh,9,Ghazipur,195,1100,1166.6666666666667,1136.6666666666667
2019-08-29,Pumpkin,84,Uttar Pradesh,9,Ghazipur,195,1091.6666666666667,1153.3333333333333,1123.3333333333333
2019-08-28,Pumpkin,84,Uttar Pradesh,9,Ghazipur,195,1083.3333333333333,1150,1116.6666666666667
2019-08-27,Pumpkin,84,Uttar Pradesh,9,Ghazipur,195,1075,1150,1110
2019-08-26,Pumpkin,84,Uttar Pradesh,9,Ghazipur,195,1076.6666666666667,1156.6666666666667,1120
2019-08-25,Pumpkin,84,Uttar Pradesh,9,Ghazipur,195,1100,1150,1130
2019-08-24,Pumpkin,84,Uttar Pradesh,9,Ghazipur,195,1026.6666666666667,1100,1060
2019-08-23,Pumpkin,84,Uttar Pradesh,9,Ghazipur,195,1080,1145,1115
2019-08-22,Pumpkin,84,Uttar Pradesh,9,Ghazipur,195,1056.6666666666667,1143.3333333333333,1103.3333333333333
2019-08-21,Pumpkin,84,Uttar Pradesh,9,Ghazipur,195,1133.3333333333333,1220,1180
2019-08-20,Pumpkin,84,Uttar Pradesh,9,Ghazipur,195,1150,1250,1200
2019-08-19,Pumpkin,84,Uttar Pradesh,9,Ghazipur,195,1170,1230,1200
2019-08-18,Pumpkin,84,Uttar Pradesh,9,Ghazipur,195,1200,1260,1240
2019-08-17,Pumpkin,84,Uttar Pradesh,9,Ghazipur,195,1090,1190,1140
2019-08-16,Pumpkin,84,Uttar Pradesh,9,Ghazipur,195,1090,1190,1140
2019-08-14,Pumpkin,84,Uttar Pradesh,9,Ghazipur,195,1085,1160,1120
2019-08-13,Pumpkin,84,Uttar Pradesh,9,Ghazipur,195,1000,1080,1045
2019-08-12,Pumpkin,84,Uttar Pradesh,9,Ghazipur,195,985,1060,1025
2019-08-10,Pumpkin,84,Uttar Pradesh,9,Ghazipur,195,1080,1130,1100
2019-08-09,Pumpkin,84,Uttar Pradesh,9,Ghazipur,195,990,1065,1025
2019-08-08,Pumpkin,84,Uttar Pradesh,9,Ghazipur,195,1000,1100,1050
2019-08-07,Pumpkin,84,Uttar Pradesh,9,Ghazipur,195,1050,1150,1100
2019-08-06,Pumpkin,84,Uttar Pradesh,9,Ghazipur,195,1050,1150,1100
2019-08-05,Pumpkin,84,Uttar Pradesh,9,Ghazipur,195,1055,1140,1100
2019-08-03,Pumpkin,84,Uttar Pradesh,9,Ghazipur,195,965,1035,1000
2019-08-02,Pumpkin,84,Uttar Pradesh,9,Ghazipur,195,970,1030,1000
2019-08-01,Pumpkin,84,Uttar Pradesh,9,Ghazipur,195,960,1035,1000
2019-07-31,Pumpkin,84,Uttar Pradesh,9,Ghazipur,195,915,985,950
2019-07-30,Pumpkin,84,Uttar Pradesh,9,Ghazipur,195,970,1030,1000
2019-07-29,Pumpkin,84,Uttar Pradesh,9,Ghazipur,195,965,1035,1000
2019-07-27,Pumpkin,84,Uttar Pradesh,9,Ghazipur,195,970,1030,1000
2019-07-26,Pumpkin,84,Uttar Pradesh,9,Ghazipur,195,875,945,910
2019-07-25,Pumpkin,84,Uttar Pradesh,9,Ghazipur,195,805,875,840
2019-07-24,Pumpkin,84,Uttar Pradesh,9,Ghazipur,195,785,855,820
2019-07-23,Pumpkin,84,Uttar Pradesh,9,Ghazipur,195,780,860,820
2019-07-22,Pumpkin,84,Uttar Pradesh,9,Ghazipur,195,785,855,820
2019-07-20,Pumpkin,84,Uttar Pradesh,9,Ghazipur,195,820,900,860
2019-07-19,Pumpkin,84,Uttar Pradesh,9,Ghazipur,195,830,890,860
2019-07-18,Pumpkin,84,Uttar Pradesh,9,Ghazipur,195,775,845,810
2019-07-17,Pumpkin,84,Uttar Pradesh,9,Ghazipur,195,770,830,800
2019-07-16,Pumpkin,84,Uttar Pradesh,9,Ghazipur,195,760,840,800
2019-07-15,Pumpkin,84,Uttar Pradesh,9,Ghazipur,195,1365,1435,1400
2019-07-13,Pumpkin,84,Uttar Pradesh,9,Ghazipur,195,1590,1610,1600
2019-07-12,Pumpkin,84,Uttar Pradesh,9,Ghazipur,195,1550,1650,1600
2019-07-11,Pumpkin,84,Uttar Pradesh,9,Ghazipur,195,1565,1635,1600
2019-07-10,Pumpkin,84,Uttar Pradesh,9,Ghazipur,195,1370,1430,1400
2019-07-09,Pumpkin,84,Uttar Pradesh,9,Ghazipur,195,1345,1415,1380
2019-07-08,Pumpkin,84,Uttar Pradesh,9,Ghazipur,195,1135,1220,1180
2019-07-07,Pumpkin,84,Uttar Pradesh,9,Ghazipur,195,1150,1200,1170
2019-07-06,Pumpkin,84,Uttar Pradesh,9,Ghazipur,195,1120,1203.3333333333333,1163.3333333333333
2019-07-05,Pumpkin,84,Uttar Pradesh,9,Ghazipur,195,1090,1143.3333333333333,1116.6666666666667
2019-07-04,Pumpkin,84,Uttar Pradesh,9,Ghazipur,195,1086.6666666666667,1143.3333333333333,1116.6666666666667
2019-07-03,Pumpkin,84,Uttar Pradesh,9,Ghazipur,195,1076.6666666666667,1150,1113.3333333333333
2019-07-02,Pumpkin,84,Uttar Pradesh,9,Ghazipur,195,1010,1090,1050
2019-07-01,Pumpkin,84,Uttar Pradesh,9,Ghazipur,195,966.6666666666666,1060,1010
2019-06-30,Pumpkin,84,Uttar Pradesh,9,Ghazipur,195,1000,1050,1030
2019-06-29,Pumpkin,84,Uttar Pradesh,9,Ghazipur,195,943.3333333333334,1006.6666666666666,976.6666666666666
2019-06-28,Pumpkin,84,Uttar Pradesh,9,Ghazipur,195,946.6666666666666,1023.3333333333334,983.3333333333334
2019-06-27,Pumpkin,84,Uttar Pradesh,9,Ghazipur,195,925,1000,965
2019-06-26,Pumpkin,84,Uttar Pradesh,9,Ghazipur,195,946.6666666666666,1006.6666666666666,976.6666666666666
2019-06-25,Pumpkin,84,Uttar Pradesh,9,Ghazipur,195,965,1035,1000
2019-06-24,Pumpkin,84,Uttar Pradesh,9,Ghazipur,195,953.3333333333334,1020,983.3333333333334
2019-06-23,Pumpkin,84,Uttar Pradesh,9,Ghazipur,195,1000,1050,1030
2019-06-22,Pumpkin,84,Uttar Pradesh,9,Ghazipur,195,1073.3333333333333,1150,1113.3333333333333
2019-06-21,Pumpkin,84,Uttar Pradesh,9,Ghazipur,195,1063.3333333333333,1133.3333333333333,1093.3333333333333
2019-06-20,Pumpkin,84,Uttar Pradesh,9,Ghazipur,195,1163.3333333333333,1230,1193.3333333333333
2019-06-19,Pumpkin,84,Uttar Pradesh,9,Ghazipur,195,1225,1305,1270
2019-06-18,Pumpkin,84,Uttar Pradesh,9,Ghazipur,195,1360,1416.6666666666667,1390
2019-06-17,Pumpkin,84,Uttar Pradesh,9,Ghazipur,195,1300,1380,1340
2019-06-16,Pumpkin,84,Uttar Pradesh,9,Ghazipur,195,1160,1230,1200
2019-06-15,Pumpkin,84,Uttar Pradesh,9,Ghazipur,195,1376.6666666666667,1450,1413.3333333333333
2019-06-14,Pumpkin,84,Uttar Pradesh,9,Ghazipur,195,1336.6666666666667,1416.6666666666667,1380
2019-06-13,Pumpkin,84,Uttar Pradesh,9,Ghazipur,195,1305,1390,1350
2019-06-12,Pumpkin,84,Uttar Pradesh,9,Ghazipur,195,1366.6666666666667,1430,1400
2019-06-11,Pumpkin,84,Uttar Pradesh,9,Ghazipur,195,1465,1535,1500
2019-06-10,Pumpkin,84,Uttar Pradesh,9,Ghazipur,195,1400,1480,1440
2019-06-08,Pumpkin,84,Uttar Pradesh,9,Ghazipur,195,1490,1510,1500
2019-06-07,Pumpkin,84,Uttar Pradesh,9,Ghazipur,195,1400,1480,1440
2019-06-06,Pumpkin,84,Uttar Pradesh,9,Ghazipur,195,1420,1500,1460
2019-06-04,Pumpkin,84,Uttar Pradesh,9,Ghazipur,195,1456.6666666666667,1543.3333333333333,1500
2019-06-03,Pumpkin,84,Uttar Pradesh,9,Ghazipur,195,1443.3333333333333,1516.6666666666667,1480
2019-06-02,Pumpkin,84,Uttar Pradesh,9,Ghazipur,195,1450,1530,1500
2019-06-01,Pumpkin,84,Uttar Pradesh,9,Ghazipur,195,1433.3333333333333,1533.3333333333333,1483.3333333333333
2019-05-31,Pumpkin,84,Uttar Pradesh,9,Ghazipur,195,1495,1550,1525
2019-05-30,Pumpkin,84,Uttar Pradesh,9,Ghazipur,195,1580,1620,1600
2019-05-29,Pumpkin,84,Uttar Pradesh,9,Ghazipur,195,1590,1610,1600
2019-05-28,Pumpkin,84,Uttar Pradesh,9,Ghazipur,195,1590,1610,1600
2019-05-27,Pumpkin,84,Uttar Pradesh,9,Ghazipur,195,1580,1620,1600
2019-05-25,Pumpkin,84,Uttar Pradesh,9,Ghazipur,195,1670,1730,1700
2019-05-24,Pumpkin,84,Uttar Pradesh,9,Ghazipur,195,1580,1620,1600
2019-05-23,Pumpkin,84,Uttar Pradesh,9,Ghazipur,195,1500,1610,1600
2019-05-22,Pumpkin,84,Uttar Pradesh,9,Ghazipur,195,1580,1620,1600
2019-05-21,Pumpkin,84,Uttar Pradesh,9,Ghazipur,195,1570,1620,1600
2019-05-20,Pumpkin,84,Uttar Pradesh,9,Ghazipur,195,1540,1590,1565
2019-05-18,Pumpkin,84,Uttar Pradesh,9,Ghazipur,195,1500,1550,1530
2019-05-17,Pumpkin,84,Uttar Pradesh,9,Ghazipur,195,1525,1580,1550
2019-05-16,Pumpkin,84,Uttar Pradesh,9,Ghazipur,195,1525,1580,1550
2019-05-15,Pumpkin,84,Uttar Pradesh,9,Ghazipur,195,1515,1580,1550
2019-05-14,Pumpkin,84,Uttar Pradesh,9,Ghazipur,195,1460,1530,1500
2019-05-11,Pumpkin,84,Uttar Pradesh,9,Ghazipur,195,1555,1640,1600
2019-05-10,Pumpkin,84,Uttar Pradesh,9,Ghazipur,195,1490,1590,1533.3333333333333
2019-05-09,Pumpkin,84,Uttar Pradesh,9,Ghazipur,195,1453.3333333333333,1553.3333333333333,1503.3333333333333
2019-05-08,Pumpkin,84,Uttar Pradesh,9,Ghazipur,195,1500,1593.3333333333333,1550
2019-05-07,Pumpkin,84,Uttar Pradesh,9,Ghazipur,195,1650,1745,1700
2019-05-06,Pumpkin,84,Uttar Pradesh,9,Ghazipur,195,1676.6666666666667,1756.6666666666667,1716.6666666666667
2019-05-05,Pumpkin,84,Uttar Pradesh,9,Ghazipur,195,1680,1730,1700
2019-05-04,Pumpkin,84,Uttar Pradesh,9,Ghazipur,195,1625,1715,1675
2019-05-03,Pumpkin,84,Uttar Pradesh,9,Ghazipur,195,1633.3333333333333,1706.6666666666667,1666.6666666666667
2019-05-02,Pumpkin,84,Uttar Pradesh,9,Ghazipur,195,1620,1706.6666666666667,1666.6666666666667
2019-05-01,Pumpkin,84,Uttar Pradesh,9,Ghazipur,195,1606.6666666666667,1696.6666666666667,1650
2019-04-30,Pumpkin,84,Uttar Pradesh,9,Ghazipur,195,2065,2170,2125
2019-04-29,Pumpkin,84,Uttar Pradesh,9,Ghazipur,195,1260,1340,1300
2019-04-28,Pumpkin,84,Uttar Pradesh,9,Ghazipur,195,1450,1530,1500
2019-04-27,Pumpkin,84,Uttar Pradesh,9,Ghazipur,195,1305,1395,1350
2019-04-26,Pumpkin,84,Uttar Pradesh,9,Ghazipur,195,1315,1385,1350
2019-04-25,Pumpkin,84,Uttar Pradesh,9,Ghazipur,195,1315,1385,1350
2019-04-24,Pumpkin,84,Uttar Pradesh,9,Ghazipur,195,1250,1340,1300
2019-04-22,Pumpkin,84,Uttar Pradesh,9,Ghazipur,195,1270,1340,1300
2019-04-21,Pumpkin,84,Uttar Pradesh,9,Ghazipur,195,1270,1350,1300
2019-04-18,Pumpkin,84,Uttar Pradesh,9,Ghazipur,195,1650,1740,1700
2019-04-17,Pumpkin,84,Uttar Pradesh,9,Ghazipur,195,1670,1730,1700
2019-04-15,Pumpkin,84,Uttar Pradesh,9,Ghazipur,195,1700,1760,1740
2019-04-14,Pumpkin,84,Uttar Pradesh,9,Ghazipur,195,1720,1760,1740
2019-04-13,Pumpkin,84,Uttar Pradesh,9,Ghazipur,195,1720,1760,1740
2019-04-12,Pumpkin,84,Uttar Pradesh,9,Ghazipur,195,1700,1760,1740
2019-04-11,Pumpkin,84,Uttar Pradesh,9,Ghazipur,195,1700,1760,1740
2019-04-10,Pumpkin,84,Uttar Pradesh,9,Ghazipur,195,1700,1760,1740
2019-04-08,Pumpkin,84,Uttar Pradesh,9,Ghazipur,195,1670,1720,1700
2019-04-07,Pumpkin,84,Uttar Pradesh,9,Ghazipur,195,1670,1730,1700
2019-04-06,Pumpkin,84,Uttar Pradesh,9,Ghazipur,195,1670,1730,1700
2019-04-05,Pumpkin,84,Uttar Pradesh,9,Ghazipur,195,1650,1740,1700
2019-04-04,Pumpkin,84,Uttar Pradesh,9,Ghazipur,195,1600,1730,1700
2018-12-21,Pumpkin,84,Uttar Pradesh,9,Ghazipur,195,1170,1250,1200
2018-12-20,Pumpkin,84,Uttar Pradesh,9,Ghazipur,195,1100,1200,1150
2018-12-19,Pumpkin,84,Uttar Pradesh,9,Ghazipur,195,1100,1140,1120
2018-12-17,Pumpkin,84,Uttar Pradesh,9,Ghazipur,195,1130,1180,1160
2018-12-16,Pumpkin,84,Uttar Pradesh,9,Ghazipur,195,1100,1200,1160
2018-12-15,Pumpkin,84,Uttar Pradesh,9,Ghazipur,195,1100,1200,1150
2018-12-14,Pumpkin,84,Uttar Pradesh,9,Ghazipur,195,1070,1130,1100
2018-12-13,Pumpkin,84,Uttar Pradesh,9,Ghazipur,195,1000,1140,1100
2018-12-12,Pumpkin,84,Uttar Pradesh,9,Ghazipur,195,1000,1150,1100
2018-12-10,Pumpkin,84,Uttar Pradesh,9,Ghazipur,195,1050,1140,1100
2018-12-09,Pumpkin,84,Uttar Pradesh,9,Ghazipur,195,950,1040,1000
2018-12-08,Pumpkin,84,Uttar Pradesh,9,Ghazipur,195,940,1030,1000
2018-12-07,Pumpkin,84,Uttar Pradesh,9,Ghazipur,195,950,1050,1000
2018-12-06,Pumpkin,84,Uttar Pradesh,9,Ghazipur,195,970,1040,1000
2018-12-05,Pumpkin,84,Uttar Pradesh,9,Ghazipur,195,960,1030,1000
2018-12-03,Pumpkin,84,Uttar Pradesh,9,Ghazipur,195,850,940,900
2018-12-02,Pumpkin,84,Uttar Pradesh,9,Ghazipur,195,800,1000,900
2018-12-01,Pumpkin,84,Uttar Pradesh,9,Ghazipur,195,800,1000,900
2018-11-30,Pumpkin,84,Uttar Pradesh,9,Ghazipur,195,900,1060,1000
2018-11-29,Pumpkin,84,Uttar Pradesh,9,Ghazipur,195,950,1040,1000
2018-11-28,Pumpkin,84,Uttar Pradesh,9,Ghazipur,195,900,1100,1000
2018-11-26,Pumpkin,84,Uttar Pradesh,9,Ghazipur,195,950,1000,980
2018-11-25,Pumpkin,84,Uttar Pradesh,9,Ghazipur,195,950,1020,980
2018-11-24,Pumpkin,84,Uttar Pradesh,9,Ghazipur,195,960,1000,980
2018-11-23,Pumpkin,84,Uttar Pradesh,9,Ghazipur,195,950,1000,970
2018-11-22,Pumpkin,84,Uttar Pradesh,9,Ghazipur,195,950,1000,970
2018-11-19,Pumpkin,84,Uttar Pradesh,9,Ghazipur,195,900,980,950
2018-11-18,Pumpkin,84,Uttar Pradesh,9,Ghazipur,195,900,980,950
2018-11-17,Pumpkin,84,Uttar Pradesh,9,Ghazipur,195,900,1000,950
2018-11-16,Pumpkin,84,Uttar Pradesh,9,Ghazipur,195,900,1000,950
2018-11-15,Pumpkin,84,Uttar Pradesh,9,Ghazipur,195,900,1000,950
2018-11-14,Pumpkin,84,Uttar Pradesh,9,Ghazipur,195,900,960,930
2018-11-12,Pumpkin,84,Uttar Pradesh,9,Ghazipur,195,800,1000,900
2018-11-11,Pumpkin,84,Uttar Pradesh,9,Ghazipur,195,800,950,900
2018-11-10,Pumpkin,84,Uttar Pradesh,9,Ghazipur,195,800,960,900
2018-11-09,Pumpkin,84,Uttar Pradesh,9,Ghazipur,195,850,940,900
2018-11-08,Pumpkin,84,Uttar Pradesh,9,Ghazipur,195,860,940,900
2018-11-07,Pumpkin,84,Uttar Pradesh,9,Ghazipur,195,800,900,840
2018-11-04,Pumpkin,84,Uttar Pradesh,9,Ghazipur,195,750,850,800
2018-11-03,Pumpkin,84,Uttar Pradesh,9,Ghazipur,195,700,900,800
2018-11-02,Pumpkin,84,Uttar Pradesh,9,Ghazipur,195,700,850,800
2018-11-01,Pumpkin,84,Uttar Pradesh,9,Ghazipur,195,800,960,900
2018-10-31,Pumpkin,84,Uttar Pradesh,9,Ghazipur,195,725,850,800
2018-10-30,Pumpkin,84,Uttar Pradesh,9,Ghazipur,195,670,770,720
2018-10-29,Pumpkin,84,Uttar Pradesh,9,Ghazipur,195,735,860,810
2018-10-28,Pumpkin,84,Uttar Pradesh,9,Ghazipur,195,800,950,900
2018-10-27,Pumpkin,84,Uttar Pradesh,9,Ghazipur,195,700,900,800
2018-10-26,Pumpkin,84,Uttar Pradesh,9,Ghazipur,195,700,860,800
2018-10-25,Pumpkin,84,Uttar Pradesh,9,Ghazipur,195,700,900,800
2018-10-24,Pumpkin,84,Uttar Pradesh,9,Ghazipur,195,700,860,800
2018-10-22,Pumpkin,84,Uttar Pradesh,9,Ghazipur,195,900,1100,1000
2018-10-21,Pumpkin,84,Uttar Pradesh,9,Ghazipur,195,900,1100,1000
2018-10-20,Pumpkin,84,Uttar Pradesh,9,Ghazipur,195,900,1060,1000
2018-10-18,Pumpkin,84,Uttar Pradesh,9,Ghazipur,195,800,1000,900
2018-10-17,Pumpkin,84,Uttar Pradesh,9,Ghazipur,195,800,1000,900
2018-10-15,Pumpkin,84,Uttar Pradesh,9,Ghazipur,195,800,950,900
2018-10-14,Pumpkin,84,Uttar Pradesh,9,Ghazipur,195,700,860,800
2018-10-13,Pumpkin,84,Uttar Pradesh,9,Ghazipur,195,760,840,800
2018-10-12,Pumpkin,84,Uttar Pradesh,9,Ghazipur,195,750,840,800
2018-10-11,Pumpkin,84,Uttar Pradesh,9,Ghazipur,195,700,860,800
2018-10-10,Pumpkin,84,Uttar Pradesh,9,Ghazipur,195,700,900,800
2018-10-08,Pumpkin,84,Uttar Pradesh,9,Ghazipur,195,600,800,700
2018-10-07,Pumpkin,84,Uttar Pradesh,9,Ghazipur,195,600,800,700
2018-10-06,Pumpkin,84,Uttar Pradesh,9,Ghazipur,195,600,800,700
2018-10-05,Pumpkin,84,Uttar Pradesh,9,Ghazipur,195,600,760,700
2018-10-04,Pumpkin,84,Uttar Pradesh,9,Ghazipur,195,650,750,700
2018-10-03,Pumpkin,84,Uttar Pradesh,9,Ghazipur,195,760,840,800
2018-10-01,Pumpkin,84,Uttar Pradesh,9,Ghazipur,195,700,900,800
2018-08-09,Pumpkin,84,Uttar Pradesh,9,Ghazipur,195,800,900,850
2018-06-30,Pumpkin,84,Uttar Pradesh,9,Ghazipur,195,1170,1230,1200
2018-06-29,Pumpkin,84,Uttar Pradesh,9,Ghazipur,195,1185,1215,1200
2018-06-28,Pumpkin,84,Uttar Pradesh,9,Ghazipur,195,1180,1230,1200
2018-06-27,Pumpkin,84,Uttar Pradesh,9,Ghazipur,195,1180,1260,1200
2018-06-26,Pumpkin,84,Uttar Pradesh,9,Ghazipur,195,935,965,950
2018-06-25,Pumpkin,84,Uttar Pradesh,9,Ghazipur,195,900,940,920
2018-06-23,Pumpkin,84,Uttar Pradesh,9,Ghazipur,195,900,950,920
2018-06-22,Pumpkin,84,Uttar Pradesh,9,Ghazipur,195,800,900,860
2018-06-21,Pumpkin,84,Uttar Pradesh,9,Ghazipur,195,830,890,860
2018-06-20,Pumpkin,84,Uttar Pradesh,9,Ghazipur,195,830,870,850
2018-06-19,Pumpkin,84,Uttar Pradesh,9,Ghazipur,195,835,865,850
2018-06-18,Pumpkin,84,Uttar Pradesh,9,Ghazipur,195,830,870,850
2018-06-15,Pumpkin,84,Uttar Pradesh,9,Ghazipur,195,800,870,850
2018-06-14,Pumpkin,84,Uttar Pradesh,9,Ghazipur,195,1280,1320,1300
2018-06-13,Pumpkin,84,Uttar Pradesh,9,Ghazipur,195,1250,1340,1300
2018-06-12,Pumpkin,84,Uttar Pradesh,9,Ghazipur,195,1200,1400,1300
2018-06-11,Pumpkin,84,Uttar Pradesh,9,Ghazipur,195,1200,1350,1300
2018-06-09,Pumpkin,84,Uttar Pradesh,9,Ghazipur,195,1200,1350,1300
2018-06-08,Pumpkin,84,Uttar Pradesh,9,Ghazipur,195,1190,1210,1200
2018-06-07,Pumpkin,84,Uttar Pradesh,9,Ghazipur,195,1150,1240,1200
2018-06-06,Pumpkin,84,Uttar Pradesh,9,Ghazipur,195,1150,1250,1200
2018-06-05,Pumpkin,84,Uttar Pradesh,9,Ghazipur,195,1090,1110,1100
2018-06-04,Pumpkin,84,Uttar Pradesh,9,Ghazipur,195,1070,1130,1100
2018-06-02,Pumpkin,84,Uttar Pradesh,9,Ghazipur,195,1050,1150,1100
2018-05-31,Pumpkin,84,Uttar Pradesh,9,Ghazipur,195,900,1100,1000
2018-05-30,Pumpkin,84,Uttar Pradesh,9,Ghazipur,195,900,1100,1000
2018-05-29,Pumpkin,84,Uttar Pradesh,9,Ghazipur,195,980,1020,1000
2018-05-28,Pumpkin,84,Uttar Pradesh,9,Ghazipur,195,970,1030,1000
2018-05-26,Pumpkin,84,Uttar Pradesh,9,Ghazipur,195,980,1020,1000
2018-05-25,Pumpkin,84,Uttar Pradesh,9,Ghazipur,195,990,1010,1000
2018-05-24,Pumpkin,84,Uttar Pradesh,9,Ghazipur,195,980,1020,1000
2018-05-23,Pumpkin,84,Uttar Pradesh,9,Ghazipur,195,970,1030,1000
2018-05-22,Pumpkin,84,Uttar Pradesh,9,Ghazipur,195,900,1100,1000
2018-05-21,Pumpkin,84,Uttar Pradesh,9,Ghazipur,195,1020,1040,1030
2018-05-19,Pumpkin,84,Uttar Pradesh,9,Ghazipur,195,980,1020,1000
2018-05-18,Pumpkin,84,Uttar Pradesh,9,Ghazipur,195,990,1010,1000
2018-05-17,Pumpkin,84,Uttar Pradesh,9,Ghazipur,195,980,1020,1000
2018-05-16,Pumpkin,84,Uttar Pradesh,9,Ghazipur,195,900,1100,1000
2018-05-15,Pumpkin,84,Uttar Pradesh,9,Ghazipur,195,1090,1110,1100
2018-05-14,Pumpkin,84,Uttar Pradesh,9,Ghazipur,195,1085,1115,1100
2018-05-12,Pumpkin,84,Uttar Pradesh,9,Ghazipur,195,1090,1110,1100
2018-05-11,Pumpkin,84,Uttar Pradesh,9,Ghazipur,195,1080,1120,1100
2018-05-10,Pumpkin,84,Uttar Pradesh,9,Ghazipur,195,1080,1110,1100
2018-05-09,Pumpkin,84,Uttar Pradesh,9,Ghazipur,195,1100,1160,1130
2018-05-08,Pumpkin,84,Uttar Pradesh,9,Ghazipur,195,1110,1150,1130
2018-05-07,Pumpkin,84,Uttar Pradesh,9,Ghazipur,195,1100,1160,1130
2018-05-05,Pumpkin,84,Uttar Pradesh,9,Ghazipur,195,1280,1320,1300
2018-05-04,Pumpkin,84,Uttar Pradesh,9,Ghazipur,195,1285,1315,1300
2018-05-03,Pumpkin,84,Uttar Pradesh,9,Ghazipur,195,1180,1220,1200
2018-05-02,Pumpkin,84,Uttar Pradesh,9,Ghazipur,195,1170,1230,1200
2018-05-01,Pumpkin,84,Uttar Pradesh,9,Ghazipur,195,1170,1230,1200
2018-04-30,Pumpkin,84,Uttar Pradesh,9,Ghazipur,195,1180,1220,1200
2018-04-28,Pumpkin,84,Uttar Pradesh,9,Ghazipur,195,1220,1280,1250
2018-04-27,Pumpkin,84,Uttar Pradesh,9,Ghazipur,195,1015,1085,1050
2018-04-26,Pumpkin,84,Uttar Pradesh,9,Ghazipur,195,1100,1300,1220
2018-04-25,Pumpkin,84,Uttar Pradesh,9,Ghazipur,195,1200,1240,1220
2018-04-24,Pumpkin,84,Uttar Pradesh,9,Ghazipur,195,1210,1230,1220
2018-04-20,Pumpkin,84,Uttar Pradesh,9,Ghazipur,195,1095,1155,1125
2018-04-19,Pumpkin,84,Uttar Pradesh,9,Ghazipur,195,1015,1085,1050
2018-04-18,Pumpkin,84,Uttar Pradesh,9,Ghazipur,195,980,1020,1000
2018-04-17,Pumpkin,84,Uttar Pradesh,9,Ghazipur,195,970,1030,1000
2018-04-16,Pumpkin,84,Uttar Pradesh,9,Ghazipur,195,1080,1120,1100
2018-04-14,Pumpkin,84,Uttar Pradesh,9,Ghazipur,195,1070,1130,1100
2018-04-13,Pumpkin,84,Uttar Pradesh,9,Ghazipur,195,1070,1090,1080
2018-04-12,Pumpkin,84,Uttar Pradesh,9,Ghazipur,195,1050,1110,1080
2018-04-11,Pumpkin,84,Uttar Pradesh,9,Ghazipur,195,980,1020,1000
2018-04-10,Pumpkin,84,Uttar Pradesh,9,Ghazipur,195,990,1010,1000
2018-04-09,Pumpkin,84,Uttar Pradesh,9,Ghazipur,195,1110,1150,1130
2018-04-08,Pumpkin,84,Uttar Pradesh,9,Ghazipur,195,1050,1150,1100
2018-04-07,Pumpkin,84,Uttar Pradesh,9,Ghazipur,195,1150,1170,1160
2018-04-06,Pumpkin,84,Uttar Pradesh,9,Ghazipur,195,1150,1170,1160
2018-04-05,Pumpkin,84,Uttar Pradesh,9,Ghazipur,195,1140,1180,1160
2018-04-04,Pumpkin,84,Uttar Pradesh,9,Ghazipur,195,1145,1175,1160
2018-04-03,Pumpkin,84,Uttar Pradesh,9,Ghazipur,195,1280,1320,1300
2018-04-02,Pumpkin,84,Uttar Pradesh,9,Ghazipur,195,1220,1280,1250
2018-03-31,Pumpkin,84,Uttar Pradesh,9,Ghazipur,195,1210,1250,1230
2018-03-30,Pumpkin,84,Uttar Pradesh,9,Ghazipur,195,1200,1260,1230
2018-03-29,Pumpkin,84,Uttar Pradesh,9,Ghazipur,195,1210,1250,1230
2018-03-28,Pumpkin,84,Uttar Pradesh,9,Ghazipur,195,1200,1260,1230
2018-03-27,Pumpkin,84,Uttar Pradesh,9,Ghazipur,195,1210,1250,1230
2018-03-26,Pumpkin,84,Uttar Pradesh,9,Ghazipur,195,1200,1260,1230
2018-03-23,Pumpkin,84,Uttar Pradesh,9,Ghazipur,195,1170,1230,1200
2018-03-22,Pumpkin,84,Uttar Pradesh,9,Ghazipur,195,1180,1220,1200
2018-03-21,Pumpkin,84,Uttar Pradesh,9,Ghazipur,195,1230,1270,1250
2018-03-20,Pumpkin,84,Uttar Pradesh,9,Ghazipur,195,1240,1260,1250
2018-03-19,Pumpkin,84,Uttar Pradesh,9,Ghazipur,195,1220,1280,1250
2018-03-17,Pumpkin,84,Uttar Pradesh,9,Ghazipur,195,1210,1250,1230
2018-03-16,Pumpkin,84,Uttar Pradesh,9,Ghazipur,195,1200,1260,1230
2018-03-15,Pumpkin,84,Uttar Pradesh,9,Ghazipur,195,1120,1160,1140
2018-03-14,Pumpkin,84,Uttar Pradesh,9,Ghazipur,195,1120,1160,1140
2018-03-13,Pumpkin,84,Uttar Pradesh,9,Ghazipur,195,1130,1150,1140
2018-03-12,Pumpkin,84,Uttar Pradesh,9,Ghazipur,195,1070,1130,1100
2018-03-10,Pumpkin,84,Uttar Pradesh,9,Ghazipur,195,1160,1200,1180
2018-03-09,Pumpkin,84,Uttar Pradesh,9,Ghazipur,195,1250,1270,1260
2018-03-08,Pumpkin,84,Uttar Pradesh,9,Ghazipur,195,1240,1280,1260
2018-03-07,Pumpkin,84,Uttar Pradesh,9,Ghazipur,195,1310,1330,1320
2018-03-06,Pumpkin,84,Uttar Pradesh,9,Ghazipur,195,1300,1340,1320
2018-03-05,Pumpkin,84,Uttar Pradesh,9,Ghazipur,195,1290,1310,1300
2018-03-01,Pumpkin,84,Uttar Pradesh,9,Ghazipur,195,1270,1330,1300
2018-02-28,Pumpkin,84,Uttar Pradesh,9,Ghazipur,195,1300,1340,1320
2018-02-27,Pumpkin,84,Uttar Pradesh,9,Ghazipur,195,1290,1350,1320
2018-02-26,Pumpkin,84,Uttar Pradesh,9,Ghazipur,195,1300,1340,1320
2018-02-24,Pumpkin,84,Uttar Pradesh,9,Ghazipur,195,1270,1330,1300
2018-02-23,Pumpkin,84,Uttar Pradesh,9,Ghazipur,195,1280,1320,1300
2018-02-22,Pumpkin,84,Uttar Pradesh,9,Ghazipur,195,1270,1330,1300
2018-02-21,Pumpkin,84,Uttar Pradesh,9,Ghazipur,195,1280,1320,1300
2018-02-20,Pumpkin,84,Uttar Pradesh,9,Ghazipur,195,1285,1315,1300
2018-02-19,Pumpkin,84,Uttar Pradesh,9,Ghazipur,195,1270,1330,1300
2018-02-17,Pumpkin,84,Uttar Pradesh,9,Ghazipur,195,1380,1420,1400
2018-02-16,Pumpkin,84,Uttar Pradesh,9,Ghazipur,195,1370,1430,1400
2018-02-15,Pumpkin,84,Uttar Pradesh,9,Ghazipur,195,1430,1470,1450
2018-02-14,Pumpkin,84,Uttar Pradesh,9,Ghazipur,195,1420,1480,1450
2018-02-13,Pumpkin,84,Uttar Pradesh,9,Ghazipur,195,1340,1380,1360
2018-02-12,Pumpkin,84,Uttar Pradesh,9,Ghazipur,195,1280,1320,1300
2018-02-10,Pumpkin,84,Uttar Pradesh,9,Ghazipur,195,1290,1310,1300
2018-02-09,Pumpkin,84,Uttar Pradesh,9,Ghazipur,195,1290,1310,1300
2018-02-08,Pumpkin,84,Uttar Pradesh,9,Ghazipur,195,1280,1320,1300
2018-02-07,Pumpkin,84,Uttar Pradesh,9,Ghazipur,195,1290,1310,1300
2018-02-06,Pumpkin,84,Uttar Pradesh,9,Ghazipur,195,1280,1320,1300
2018-02-05,Pumpkin,84,Uttar Pradesh,9,Ghazipur,195,1270,1330,1300
2018-02-03,Pumpkin,84,Uttar Pradesh,9,Ghazipur,195,1280,1320,1300
2018-02-02,Pumpkin,84,Uttar Pradesh,9,Ghazipur,195,1090,1110,1100
2018-02-01,Pumpkin,84,Uttar Pradesh,9,Ghazipur,195,1070,1130,1100
2018-01-31,Pumpkin,84,Uttar Pradesh,9,Ghazipur,195,1080,1120,1100
2018-01-30,Pumpkin,84,Uttar Pradesh,9,Ghazipur,195,1080,1120,1100
2018-01-29,Pumpkin,84,Uttar Pradesh,9,Ghazipur,195,1070,1130,1100
2018-01-27,Pumpkin,84,Uttar Pradesh,9,Ghazipur,195,1270,1330,1300
2018-01-25,Pumpkin,84,Uttar Pradesh,9,Ghazipur,195,1290,1310,1300
2018-01-24,Pumpkin,84,Uttar Pradesh,9,Ghazipur,195,1280,1320,1300
2018-01-23,Pumpkin,84,Uttar Pradesh,9,Ghazipur,195,1270,1330,1300
2018-01-22,Pumpkin,84,Uttar Pradesh,9,Ghazipur,195,1200,1240,1220
2018-01-20,Pumpkin,84,Uttar Pradesh,9,Ghazipur,195,1200,1240,1220
2018-01-19,Pumpkin,84,Uttar Pradesh,9,Ghazipur,195,1200,1240,1220
2018-01-18,Pumpkin,84,Uttar Pradesh,9,Ghazipur,195,1200,1240,1220
2018-01-17,Pumpkin,84,Uttar Pradesh,9,Ghazipur,195,1150,1170,1160
2018-01-16,Pumpkin,84,Uttar Pradesh,9,Ghazipur,195,1140,1180,1160
2018-01-15,Pumpkin,84,Uttar Pradesh,9,Ghazipur,195,1150,1170,1160
2018-01-13,Pumpkin,84,Uttar Pradesh,9,Ghazipur,195,1140,1180,1160
2018-01-12,Pumpkin,84,Uttar Pradesh,9,Ghazipur,195,1130,1190,1160
2018-01-11,Pumpkin,84,Uttar Pradesh,9,Ghazipur,195,1140,1180,1160
2018-01-10,Pumpkin,84,Uttar Pradesh,9,Ghazipur,195,1150,1170,1160
2018-01-09,Pumpkin,84,Uttar Pradesh,9,Ghazipur,195,1110,1150,1130
2018-01-08,Pumpkin,84,Uttar Pradesh,9,Ghazipur,195,1100,1160,1130
2018-01-06,Pumpkin,84,Uttar Pradesh,9,Ghazipur,195,1130,1170,1150
2018-01-05,Pumpkin,84,Uttar Pradesh,9,Ghazipur,195,1120,1180,1150
2018-01-04,Pumpkin,84,Uttar Pradesh,9,Ghazipur,195,1130,1170,1150
2018-01-03,Pumpkin,84,Uttar Pradesh,9,Ghazipur,195,1130,1170,1150
2018-01-02,Pumpkin,84,Uttar Pradesh,9,Ghazipur,195,1130,1170,1150
2018-01-01,Pumpkin,84,Uttar Pradesh,9,Ghazipur,195,1130,1170,1150
2017-12-30,Pumpkin,84,Uttar Pradesh,9,Ghazipur,195,1130,1170,1150
2017-12-29,Pumpkin,84,Uttar Pradesh,9,Ghazipur,195,1120,1180,1150
2017-12-28,Pumpkin,84,Uttar Pradesh,9,Ghazipur,195,1120,1160,1140
2017-12-27,Pumpkin,84,Uttar Pradesh,9,Ghazipur,195,1130,1150,1140
2017-12-26,Pumpkin,84,Uttar Pradesh,9,Ghazipur,195,1100,1140,1120
2017-12-25,Pumpkin,84,Uttar Pradesh,9,Ghazipur,195,1100,1140,1120
2017-12-24,Pumpkin,84,Uttar Pradesh,9,Ghazipur,195,1070,1130,1100
2017-12-23,Pumpkin,84,Uttar Pradesh,9,Ghazipur,195,1070,1130,1100
2017-12-22,Pumpkin,84,Uttar Pradesh,9,Ghazipur,195,1090,1110,1100
2017-12-21,Pumpkin,84,Uttar Pradesh,9,Ghazipur,195,1080,1120,1100
2017-12-20,Pumpkin,84,Uttar Pradesh,9,Ghazipur,195,1040,1060,1050
2017-12-19,Pumpkin,84,Uttar Pradesh,9,Ghazipur,195,980,1020,1000
2017-12-18,Pumpkin,84,Uttar Pradesh,9,Ghazipur,195,990,1010,1000
2017-12-16,Pumpkin,84,Uttar Pradesh,9,Ghazipur,195,1000,1040,1020
2017-12-15,Pumpkin,84,Uttar Pradesh,9,Ghazipur,195,905,965,935
2017-12-13,Pumpkin,84,Uttar Pradesh,9,Ghazipur,195,990,1010,1000
2017-12-12,Pumpkin,84,Uttar Pradesh,9,Ghazipur,195,1030,1070,1050
2017-12-11,Pumpkin,84,Uttar Pradesh,9,Ghazipur,195,945,1005,975
2017-12-09,Pumpkin,84,Uttar Pradesh,9,Ghazipur,195,1030,1070,1050
2017-12-08,Pumpkin,84,Uttar Pradesh,9,Ghazipur,195,995,1055,1025
2017-12-07,Pumpkin,84,Uttar Pradesh,9,Ghazipur,195,955,1045,1000
2017-12-06,Pumpkin,84,Uttar Pradesh,9,Ghazipur,195,1070,1130,1100
2017-12-05,Pumpkin,84,Uttar Pradesh,9,Ghazipur,195,1090,1110,1100
2017-12-04,Pumpkin,84,Uttar Pradesh,9,Ghazipur,195,1010,1090,1050
2017-12-02,Pumpkin,84,Uttar Pradesh,9,Ghazipur,195,980,1030,1000
2017-12-01,Pumpkin,84,Uttar Pradesh,9,Ghazipur,195,815,855,835
2017-11-30,Pumpkin,84,Uttar Pradesh,9,Ghazipur,195,825,845,835
2017-11-29,Pumpkin,84,Uttar Pradesh,9,Ghazipur,195,815,855,835
2017-11-28,Pumpkin,84,Uttar Pradesh,9,Ghazipur,195,800,820,810
2017-11-27,Pumpkin,84,Uttar Pradesh,9,Ghazipur,195,710,780,745
2017-11-26,Pumpkin,84,Uttar Pradesh,9,Ghazipur,195,650,720,680
2017-11-25,Pumpkin,84,Uttar Pradesh,9,Ghazipur,195,790,830,810
2017-11-24,Pumpkin,84,Uttar Pradesh,9,Ghazipur,195,725,770,745
2017-11-23,Pumpkin,84,Uttar Pradesh,9,Ghazipur,195,790,830,810
2017-11-21,Pumpkin,84,Uttar Pradesh,9,Ghazipur,195,710,730,720
2017-11-20,Pumpkin,84,Uttar Pradesh,9,Ghazipur,195,675,720,700
2017-11-18,Pumpkin,84,Uttar Pradesh,9,Ghazipur,195,645,680,660
2017-11-17,Pumpkin,84,Uttar Pradesh,9,Ghazipur,195,635,690,660
2017-11-16,Pumpkin,84,Uttar Pradesh,9,Ghazipur,195,660,710,685
2017-11-15,Pumpkin,84,Uttar Pradesh,9,Ghazipur,195,655,720,690
2017-11-14,Pumpkin,84,Uttar Pradesh,9,Ghazipur,195,670,730,700
2017-11-13,Pumpkin,84,Uttar Pradesh,9,Ghazipur,195,625,725,675
2017-11-11,Pumpkin,84,Uttar Pradesh,9,Ghazipur,195,670,730,700
2017-11-10,Pumpkin,84,Uttar Pradesh,9,Ghazipur,195,610,670,640
2017-11-09,Pumpkin,84,Uttar Pradesh,9,Ghazipur,195,600,680,640
2017-11-08,Pumpkin,84,Uttar Pradesh,9,Ghazipur,195,630,650,640
2017-11-07,Pumpkin,84,Uttar Pradesh,9,Ghazipur,195,600,640,620
2017-11-06,Pumpkin,84,Uttar Pradesh,9,Ghazipur,195,605,665,630
2017-11-04,Pumpkin,84,Uttar Pradesh,9,Ghazipur,195,600,640,620
2017-11-03,Pumpkin,84,Uttar Pradesh,9,Ghazipur,195,610,630,620
2017-11-02,Pumpkin,84,Uttar Pradesh,9,Ghazipur,195,600,640,620
2017-11-01,Pumpkin,84,Uttar Pradesh,9,Ghazipur,195,610,630,620
2017-10-31,Pumpkin,84,Uttar Pradesh,9,Ghazipur,195,600,640,620
2017-10-30,Pumpkin,84,Uttar Pradesh,9,Ghazipur,195,600,670,635
2017-10-28,Pumpkin,84,Uttar Pradesh,9,Ghazipur,195,570,630,600
2017-10-27,Pumpkin,84,Uttar Pradesh,9,Ghazipur,195,600,690,645
2017-10-26,Pumpkin,84,Uttar Pradesh,9,Ghazipur,195,610,680,645
2017-10-25,Pumpkin,84,Uttar Pradesh,9,Ghazipur,195,635,695,665
2017-10-24,Pumpkin,84,Uttar Pradesh,9,Ghazipur,195,660,700,680
2017-10-23,Pumpkin,84,Uttar Pradesh,9,Ghazipur,195,620,640,630
2017-10-22,Pumpkin,84,Uttar Pradesh,9,Ghazipur,195,600,700,650
2017-10-21,Pumpkin,84,Uttar Pradesh,9,Ghazipur,195,600,650,630
2017-10-19,Pumpkin,84,Uttar Pradesh,9,Ghazipur,195,620,640,630
2017-10-18,Pumpkin,84,Uttar Pradesh,9,Ghazipur,195,570,630,600
2017-10-17,Pumpkin,84,Uttar Pradesh,9,Ghazipur,195,580,620,600
2017-10-16,Pumpkin,84,Uttar Pradesh,9,Ghazipur,195,495,555,525
2017-10-15,Pumpkin,84,Uttar Pradesh,9,Ghazipur,195,430,500,470
2017-10-14,Pumpkin,84,Uttar Pradesh,9,Ghazipur,195,510,560,535
2017-10-13,Pumpkin,84,Uttar Pradesh,9,Ghazipur,195,510,555,535
2017-10-12,Pumpkin,84,Uttar Pradesh,9,Ghazipur,195,460,510,485
2017-10-11,Pumpkin,84,Uttar Pradesh,9,Ghazipur,195,465,515,490
2017-10-10,Pumpkin,84,Uttar Pradesh,9,Ghazipur,195,480,520,500
2017-10-09,Pumpkin,84,Uttar Pradesh,9,Ghazipur,195,470,515,490
2017-10-08,Pumpkin,84,Uttar Pradesh,9,Ghazipur,195,440,520,480
2017-10-07,Pumpkin,84,Uttar Pradesh,9,Ghazipur,195,460,500,480
2017-10-06,Pumpkin,84,Uttar Pradesh,9,Ghazipur,195,475,555,515
2017-10-05,Pumpkin,84,Uttar Pradesh,9,Ghazipur,195,480,550,515
2017-10-04,Pumpkin,84,Uttar Pradesh,9,Ghazipur,195,485,545,515
2017-10-03,Pumpkin,84,Uttar Pradesh,9,Ghazipur,195,510,550,530
2017-10-02,Pumpkin,84,Uttar Pradesh,9,Ghazipur,195,500,550,520
2017-09-29,Pumpkin,84,Uttar Pradesh,9,Ghazipur,195,500,560,530
2017-09-28,Pumpkin,84,Uttar Pradesh,9,Ghazipur,195,500,575,540
2017-09-27,Pumpkin,84,Uttar Pradesh,9,Ghazipur,195,475,545,510
2017-09-26,Pumpkin,84,Uttar Pradesh,9,Ghazipur,195,490,510,500
2017-09-25,Pumpkin,84,Uttar Pradesh,9,Ghazipur,195,490,520,500
2017-09-24,Pumpkin,84,Uttar Pradesh,9,Ghazipur,195,500,600,540
2017-09-23,Pumpkin,84,Uttar Pradesh,9,Ghazipur,195,525,605,565
2017-09-22,Pumpkin,84,Uttar Pradesh,9,Ghazipur,195,555,600,580
2017-09-21,Pumpkin,84,Uttar Pradesh,9,Ghazipur,195,310,640,600
2017-09-20,Pumpkin,84,Uttar Pradesh,9,Ghazipur,195,590,635,610
2017-09-19,Pumpkin,84,Uttar Pradesh,9,Ghazipur,195,590,610,600
2017-09-18,Pumpkin,84,Uttar Pradesh,9,Ghazipur,195,565,635,600
2017-09-16,Pumpkin,84,Uttar Pradesh,9,Ghazipur,195,700,760,730
2017-09-15,Pumpkin,84,Uttar Pradesh,9,Ghazipur,195,710,750,730
