date,commodity,commodity_id,state,state_id,district,district_id,price_min,price_max,price_modal
2025-10-30,Tomato,78,Gujarat,24,Navsari,490,875,1500,1162.5
2025-10-29,Tomato,78,Gujarat,24,Navsari,490,750,1500,1100
2025-10-28,Tomato,78,Gujarat,24,Navsari,490,750,1625,1162.5
2025-10-27,Tomato,78,Gujarat,24,Navsari,490,750,1500,1100
2025-10-26,Tomato,78,Gujarat,24,Navsari,490,1250,2000,1600
2025-10-25,Tomato,78,Gujarat,24,Navsari,490,1000,1500,1200
2025-10-24,Tomato,78,Gujarat,24,Navsari,490,1000,1750,1400
2025-10-23,Tomato,78,Gujarat,24,Navsari,490,1000,1750,1400
2025-10-21,Tomato,78,Gujarat,24,Navsari,490,1000,2000,1500
2025-10-20,Tomato,78,Gujarat,24,Navsari,490,1000,2000,1500
2025-10-19,Tomato,78,Gujarat,24,Navsari,490,1000,3000,2000
2025-10-18,Tomato,78,Gujarat,24,Navsari,490,1250,2400,1825
2025-10-17,Tomato,78,Gujarat,24,Navsari,490,1250,2500,1875
2025-10-16,Tomato,78,Gujarat,24,Navsari,490,1250,2625,1975
2025-10-15,Tomato,78,Gujarat,24,Navsari,490,1000,2275,1625
2025-10-14,Tomato,78,Gujarat,24,Navsari,490,1000,2250,1612.5
2025-10-13,Tomato,78,Gujarat,24,Navsari,490,1000,2375,1675
2025-10-12,Tomato,78,Gujarat,24,Navsari,490,1500,2625,2050
2025-10-11,Tomato,78,Gujarat,24,Navsari,490,875,1950,1412.5
2025-10-10,Tomato,78,Gujarat,24,Navsari,490,875,1950,1412.5
2025-10-09,Tomato,78,Gujarat,24,Navsari,490,1000,2000,1500
2025-10-08,Tomato,78,Gujarat,24,Navsari,490,1000,2125,1562.5
2025-10-07,Tomato,78,Gujarat,24,Navsari,490,875,2125,1500
2025-10-06,Tomato,78,Gujarat,24,Navsari,490,1000,2250,1625
2025-10-05,Tomato,78,Gujarat,24,Navsari,490,500,2000,1250
2025-10-04,Tomato,78,Gujarat,24,Navsari,490,1250,2375,1825
2025-10-03,Tomato,78,Gujarat,24,Navsari,490,1250,2625,1925
2025-10-02,Tomato,78,Gujarat,24,Navsari,490,1125,2625,1862.5
2025-10-01,Tomato,78,Gujarat,24,Navsari,490,1000,2375,1712.5
2025-09-30,Tomato,78,Gujarat,24,Navsari,490,1000,2500,1775
2025-09-29,Tomato,78,Gujarat,24,Navsari,490,1000,2375,1675
2025-09-28,Tomato,78,Gujarat,24,Navsari,490,875,2375,1612.5
2025-09-27,Tomato,78,Gujarat,24,Navsari,490,750,2125,1425
2025-09-26,Tomato,78,Gujarat,24,Navsari,490,1000,2125,1562.5
2025-09-25,Tomato,78,Gujarat,24,Navsari,490,1000,2500,1775
2025-09-24,Tomato,78,Gujarat,24,Navsari,490,1000,2625,1837.5
2025-09-23,Tomato,78,Gujarat,24,Navsari,490,1000,2375,1675
2025-09-22,Tomato,78,Gujarat,24,Navsari,490,1250,2375,1775
2025-09-21,Tomato,78,Gujarat,24,Navsari,490,1500,2125,1775
2025-09-20,Tomato,78,Gujarat,24,Navsari,490,750,1875,1312.5
2025-09-19,Tomato,78,Gujarat,24,Navsari,490,875,1625,1212.5
2025-09-18,Tomato,78,Gujarat,24,Navsari,490,750,1550,1125
2025-09-17,Tomato,78,Gujarat,24,Navsari,490,875,1750,1275
2025-09-16,Tomato,78,Gujarat,24,Navsari,490,875,2000,1437.5
2025-09-15,Tomato,78,Gujarat,24,Navsari,490,1000,2000,1500
2025-09-14,Tomato,78,Gujarat,24,Navsari,490,1000,2000,1500
2025-09-13,Tomato,78,Gujarat,24,Navsari,490,875,1775,1300
2025-09-12,Tomato,78,Gujarat,24,Navsari,490,750,2000,1375
2025-09-11,Tomato,78,Gujarat,24,Navsari,490,1000,2250,1625
2025-09-10,Tomato,78,Gujarat,24,Navsari,490,1000,2500,1775
2025-09-09,Tomato,78,Gujarat,24,Navsari,490,1125,2750,1962.5
2025-09-08,Tomato,78,Gujarat,24,Navsari,490,1375,2750,2062.5
2025-09-07,Tomato,78,Gujarat,24,Navsari,490,1875,2875,2375
2025-09-06,Tomato,78,Gujarat,24,Navsari,490,1250,2625,1962.5
2025-09-05,Tomato,78,Gujarat,24,Navsari,490,1750,2750,2275
2025-09-04,Tomato,78,Gujarat,24,Navsari,490,1375,3125,2225
2025-09-03,Tomato,78,Gujarat,24,Navsari,490,1250,3250,2225
2025-09-02,Tomato,78,Gujarat,24,Navsari,490,1750,3500,2650
2025-09-01,Tomato,78,Gujarat,24,Navsari,490,1500,3375,2462.5
2025-08-31,Tomato,78,Gujarat,24,Navsari,490,1750,3000,2350
2025-08-30,Tomato,78,Gujarat,24,Navsari,490,1500,3000,2200
2025-08-29,Tomato,78,Gujarat,24,Navsari,490,1250,2750,2037.5
2025-08-28,Tomato,78,Gujarat,24,Navsari,490,1500,3250,2400
2025-08-27,Tomato,78,Gujarat,24,Navsari,490,1750,3625,2712.5
2025-08-26,Tomato,78,Gujarat,24,Navsari,490,1750,3625,2712.5
2025-08-25,Tomato,78,Gujarat,24,Navsari,490,1750,3750,2750
2025-08-24,Tomato,78,Gujarat,24,Navsari,490,3000,4500,3750
2025-08-23,Tomato,78,Gujarat,24,Navsari,490,2500,4500,3500
2025-08-22,Tomato,78,Gujarat,24,Navsari,490,2500,4750,3625
2025-08-21,Tomato,78,Gujarat,24,Navsari,490,2500,4750,3625
2025-08-20,Tomato,78,Gujarat,24,Navsari,490,3000,5250,4125
2025-08-19,Tomato,78,Gujarat,24,Navsari,490,3000,5500,4175
2025-08-18,Tomato,78,Gujarat,24,Navsari,490,2250,3750,2925
2025-08-17,Tomato,78,Gujarat,24,Navsari,490,3000,5500,4175
2025-08-16,Tomato,78,Gujarat,24,Navsari,490,3000,5250,4050
2025-08-15,Tomato,78,Gujarat,24,Navsari,490,3000,5250,4050
2025-08-14,Tomato,78,Gujarat,24,Navsari,490,2750,4750,3725
2025-08-13,Tomato,78,Gujarat,24,Navsari,490,3000,5000,3975
2025-08-12,Tomato,78,Gujarat,24,Navsari,490,3000,5000,3975
2025-08-11,Tomato,78,Gujarat,24,Navsari,490,3000,5125,4037.5
2025-08-10,Tomato,78,Gujarat,24,Navsari,490,2750,5250,3975
2025-08-09,Tomato,78,Gujarat,24,Navsari,490,3000,5000,3975
2025-08-08,Tomato,78,Gujarat,24,Navsari,490,2750,5250,3975
2025-08-07,Tomato,78,Gujarat,24,Navsari,490,2750,5750,4250
2025-08-06,Tomato,78,Gujarat,24,Navsari,490,2500,5500,4000
2025-08-05,Tomato,78,Gujarat,24,Navsari,490,2500,5500,4000
2025-08-04,Tomato,78,Gujarat,24,Navsari,490,2500,5250,3875
2025-08-03,Tomato,78,Gujarat,24,Navsari,490,2500,5250,3875
2025-08-02,Tomato,78,Gujarat,24,Navsari,490,2750,5750,4250
2025-08-01,Tomato,78,Gujarat,24,Navsari,490,2750,6000,4375
2025-07-31,Tomato,78,Gujarat,24,Navsari,490,3000,5500,4250
2025-07-30,Tomato,78,Gujarat,24,Navsari,490,2500,5875,4187.5
2025-07-29,Tomato,78,Gujarat,24,Navsari,490,2750,5750,4250
2025-07-28,Tomato,78,Gujarat,24,Navsari,490,2750,6000,4400
2025-07-27,Tomato,78,Gujarat,24,Navsari,490,2750,6125,4462.5
2025-07-26,Tomato,78,Gujarat,24,Navsari,490,2000,5000,3525
2025-07-25,Tomato,78,Gujarat,24,Navsari,490,1750,4250,2975
2025-07-24,Tomato,78,Gujarat,24,Navsari,490,2000,4625,3337.5
2025-07-23,Tomato,78,Gujarat,24,Navsari,490,2000,4375,3212.5
2025-07-22,Tomato,78,Gujarat,24,Navsari,490,1750,3500,2625
2025-07-21,Tomato,78,Gujarat,24,Navsari,490,1250,3125,2187.5
2025-07-20,Tomato,78,Gujarat,24,Navsari,490,1250,3000,2125
2025-07-19,Tomato,78,Gujarat,24,Navsari,490,1250,3000,2125
2025-07-18,Tomato,78,Gujarat,24,Navsari,490,1250,3000,2125
2025-07-17,Tomato,78,Gujarat,24,Navsari,490,1000,2750,1875
2025-07-16,Tomato,78,Gujarat,24,Navsari,490,1000,2750,1875
2025-07-15,Tomato,78,Gujarat,24,Navsari,490,1000,2500,1750
2025-07-14,Tomato,78,Gujarat,24,Navsari,490,1250,2625,1925
2025-07-13,Tomato,78,Gujarat,24,Navsari,490,1250,2875,2050
2025-07-12,Tomato,78,Gujarat,24,Navsari,490,1500,3375,2412.5
2025-07-11,Tomato,78,Gujarat,24,Navsari,490,2250,3750,3000
2025-07-10,Tomato,78,Gujarat,24,Navsari,490,1750,4000,2875
2025-07-09,Tomato,78,Gujarat,24,Navsari,490,1750,4250,3000
2025-07-08,Tomato,78,Gujarat,24,Navsari,490,1250,3375,2300
2025-07-07,Tomato,78,Gujarat,24,Navsari,490,1375,3250,2300
2025-07-06,Tomato,78,Gujarat,24,Navsari,490,1000,3125,2050
2025-07-05,Tomato,78,Gujarat,24,Navsari,490,1250,2750,2000
2025-07-04,Tomato,78,Gujarat,24,Navsari,490,1500,2750,2125
2025-07-03,Tomato,78,Gujarat,24,Navsari,490,1750,2875,2312.5
2025-07-02,Tomato,78,Gujarat,24,Navsari,490,1000,2125,1562.5
2025-07-01,Tomato,78,Gujarat,24,Navsari,490,1000,2125,1562.5
2025-06-30,Tomato,78,Gujarat,24,Navsari,490,750,2250,1525
2025-06-29,Tomato,78,Gujarat,24,Navsari,490,1000,2250,1650
2025-06-28,Tomato,78,Gujarat,24,Navsari,490,1250,2250,1750
2025-06-27,Tomato,78,Gujarat,24,Navsari,490,1000,2250,1612.5
2025-06-26,Tomato,78,Gujarat,24,Navsari,490,1000,2125,1562.5
2025-06-25,Tomato,78,Gujarat,24,Navsari,490,750,2000,1375
2025-06-24,Tomato,78,Gujarat,24,Navsari,490,750,2375,1587.5
2025-06-23,Tomato,78,Gujarat,24,Navsari,490,875,2125,1512.5
2025-06-22,Tomato,78,Gujarat,24,Navsari,490,875,2250,1575
2025-06-21,Tomato,78,Gujarat,24,Navsari,490,1000,2375,1687.5
2025-06-20,Tomato,78,Gujarat,24,Navsari,490,1250,2750,2000
2025-06-19,Tomato,78,Gujarat,24,Navsari,490,1250,2875,2037.5
2025-06-18,Tomato,78,Gujarat,24,Navsari,490,1000,2625,1837.5
2025-06-17,Tomato,78,Gujarat,24,Navsari,490,1250,2625,1937.5
2025-06-16,Tomato,78,Gujarat,24,Navsari,490,1250,3000,2100
2025-06-15,Tomato,78,Gujarat,24,Navsari,490,1000,3000,2000
2025-06-14,Tomato,78,Gujarat,24,Navsari,490,1750,3500,2650
2025-06-13,Tomato,78,Gujarat,24,Navsari,490,1750,3500,2650
2025-06-12,Tomato,78,Gujarat,24,Navsari,490,1750,3500,2650
2025-06-11,Tomato,78,Gujarat,24,Navsari,490,1250,2750,2000
2025-06-10,Tomato,78,Gujarat,24,Navsari,490,1000,2000,1500
2025-06-09,Tomato,78,Gujarat,24,Navsari,490,1250,2375,1812.5
2025-06-08,Tomato,78,Gujarat,24,Navsari,490,1250,2375,1812.5
2025-06-07,Tomato,78,Gujarat,24,Navsari,490,1250,2250,1750
2025-06-06,Tomato,78,Gujarat,24,Navsari,490,1250,2375,1812.5
2025-06-05,Tomato,78,Gujarat,24,Navsari,490,1250,2500,1875
2025-06-04,Tomato,78,Gujarat,24,Navsari,490,1250,2375,1812.5
2025-06-03,Tomato,78,Gujarat,24,Navsari,490,750,2250,1487.5
2025-06-02,Tomato,78,Gujarat,24,Navsari,490,875,2000,1437.5
2025-06-01,Tomato,78,Gujarat,24,Navsari,490,1000,2250,1625
2025-05-31,Tomato,78,Gujarat,24,Navsari,490,1250,2500,1875
2025-05-30,Tomato,78,Gujarat,24,Navsari,490,1250,2500,1875
2025-05-29,Tomato,78,Gujarat,24,Navsari,490,1250,2500,1875
2025-05-28,Tomato,78,Gujarat,24,Navsari,490,1000,2500,1737.5
2025-05-27,Tomato,78,Gujarat,24,Navsari,490,1125,2500,1800
2025-05-26,Tomato,78,Gujarat,24,Navsari,490,875,2250,1625
2025-05-25,Tomato,78,Gujarat,24,Navsari,490,875,2250,1625
2025-05-24,Tomato,78,Gujarat,24,Navsari,490,1250,2500,1875
2025-05-23,Tomato,78,Gujarat,24,Navsari,490,1000,2250,1712.5
2025-05-22,Tomato,78,Gujarat,24,Navsari,490,1250,2375,1812.5
2025-05-21,Tomato,78,Gujarat,24,Navsari,490,1000,2125,1562.5
2025-05-20,Tomato,78,Gujarat,24,Navsari,490,875,1625,1262.5
2025-05-19,Tomato,78,Gujarat,24,Navsari,490,1000,2125,1562.5
2025-05-18,Tomato,78,Gujarat,24,Navsari,490,750,2000,1375
2025-05-17,Tomato,78,Gujarat,24,Navsari,490,1000,1775,1400
2025-05-16,Tomato,78,Gujarat,24,Navsari,490,1125,1850,1512.5
2025-05-15,Tomato,78,Gujarat,24,Navsari,490,1125,1750,1462.5
2025-05-14,Tomato,78,Gujarat,24,Navsari,490,750,1500,1100
2025-05-13,Tomato,78,Gujarat,24,Navsari,490,1000,1450,1225
2025-05-12,Tomato,78,Gujarat,24,Navsari,490,625,1350,1012.5
2025-05-11,Tomato,78,Gujarat,24,Navsari,490,625,1350,1012.5
2025-05-10,Tomato,78,Gujarat,24,Navsari,490,1000,1650,1300
2025-05-09,Tomato,78,Gujarat,24,Navsari,490,1000,1550,1250
2025-05-08,Tomato,78,Gujarat,24,Navsari,490,1000,1650,1300
2025-05-07,Tomato,78,Gujarat,24,Navsari,490,750,2000,1375
2025-05-06,Tomato,78,Gujarat,24,Navsari,490,1000,1800,1400
2025-05-05,Tomato,78,Gujarat,24,Navsari,490,1000,1800,1400
2025-05-04,Tomato,78,Gujarat,24,Navsari,490,1000,2000,1500
2025-05-03,Tomato,78,Gujarat,24,Navsari,490,1000,2000,1500
2025-05-02,Tomato,78,Gujarat,24,Navsari,490,750,2050,1375
2025-05-01,Tomato,78,Gujarat,24,Navsari,490,1000,2000,1525
2025-04-30,Tomato,78,Gujarat,24,Navsari,490,1125,1750,1462.5
2025-04-29,Tomato,78,Gujarat,24,Navsari,490,875,1750,1312.5
2025-04-28,Tomato,78,Gujarat,24,Navsari,490,750,1550,1125
2025-04-27,Tomato,78,Gujarat,24,Navsari,490,1000,1450,1200
2025-04-26,Tomato,78,Gujarat,24,Navsari,490,750,1200,975
2025-04-25,Tomato,78,Gujarat,24,Navsari,490,750,1300,1025
2025-04-24,Tomato,78,Gujarat,24,Navsari,490,875,1375,1100
2025-04-23,Tomato,78,Gujarat,24,Navsari,490,750,1350,1025
2025-04-22,Tomato,78,Gujarat,24,Navsari,490,750,1250,975
2025-04-21,Tomato,78,Gujarat,24,Navsari,490,750,1375,1037.5
2025-04-20,Tomato,78,Gujarat,24,Navsari,490,750,1250,975
2025-04-19,Tomato,78,Gujarat,24,Navsari,490,800,1350,1050
2025-04-18,Tomato,78,Gujarat,24,Navsari,490,800,1300,1025
2025-04-17,Tomato,78,Gujarat,24,Navsari,490,750,1300,1025
2025-04-16,Tomato,78,Gujarat,24,Navsari,490,750,1300,1025
2025-04-15,Tomato,78,Gujarat,24,Navsari,490,750,1300,1000
2025-04-14,Tomato,78,Gujarat,24,Navsari,490,750,1250,975
2025-04-13,Tomato,78,Gujarat,24,Navsari,490,1000,1500,1200
2025-04-12,Tomato,78,Gujarat,24,Navsari,490,750,1250,975
2025-04-11,Tomato,78,Gujarat,24,Navsari,490,550,1150,875
2025-04-10,Tomato,78,Gujarat,24,Navsari,490,450,1100,800
2025-04-09,Tomato,78,Gujarat,24,Navsari,490,500,1100,825
2025-04-08,Tomato,78,Gujarat,24,Navsari,490,500,1000,775
2025-04-07,Tomato,78,Gujarat,24,Navsari,490,500,1000,775
2025-04-06,Tomato,78,Gujarat,24,Navsari,490,500,1000,750
2025-04-05,Tomato,78,Gujarat,24,Navsari,490,500,1000,750
2025-04-04,Tomato,78,Gujarat,24,Navsari,490,500,1000,775
2025-04-03,Tomato,78,Gujarat,24,Navsari,490,500,1000,775
2025-04-02,Tomato,78,Gujarat,24,Navsari,490,450,1100,750
2025-04-01,Tomato,78,Gujarat,24,Navsari,490,550,1000,800
2025-03-31,Tomato,78,Gujarat,24,Navsari,490,500,1000,775
2025-03-30,Tomato,78,Gujarat,24,Navsari,490,500,1000,775
2025-03-29,Tomato,78,Gujarat,24,Navsari,490,500,1000,775
2025-03-28,Tomato,78,Gujarat,24,Navsari,490,600,1000,825
2025-03-27,Tomato,78,Gujarat,24,Navsari,490,500,1000,775
2025-03-26,Tomato,78,Gujarat,24,Navsari,490,500,1100,825
2025-03-25,Tomato,78,Gujarat,24,Navsari,490,500,1050,775
2025-03-24,Tomato,78,Gujarat,24,Navsari,490,550,1050,800
2025-03-23,Tomato,78,Gujarat,24,Navsari,490,500,1050,775
2025-03-22,Tomato,78,Gujarat,24,Navsari,490,500,1000,775
2025-03-21,Tomato,78,Gujarat,24,Navsari,490,750,1250,975
2025-03-20,Tomato,78,Gujarat,24,Navsari,490,500,1000,775
2025-03-19,Tomato,78,Gujarat,24,Navsari,490,500,1000,775
2025-03-18,Tomato,78,Gujarat,24,Navsari,490,550,1150,850
2025-03-17,Tomato,78,Gujarat,24,Navsari,490,600,1150,875
2025-03-16,Tomato,78,Gujarat,24,Navsari,490,600,1200,900
2025-03-15,Tomato,78,Gujarat,24,Navsari,490,800,1200,1000
2025-03-14,Tomato,78,Gujarat,24,Navsari,490,750,1200,975
2025-03-13,Tomato,78,Gujarat,24,Navsari,490,800,1200,1000
2025-03-12,Tomato,78,Gujarat,24,Navsari,490,750,1200,975
2025-03-11,Tomato,78,Gujarat,24,Navsari,490,550,1050,800
2025-03-10,Tomato,78,Gujarat,24,Navsari,490,550,1050,800
2025-03-09,Tomato,78,Gujarat,24,Navsari,490,500,925,712.5
2025-03-08,Tomato,78,Gujarat,24,Navsari,490,500,1100,800
2025-03-07,Tomato,78,Gujarat,24,Navsari,490,500,1000,775
2025-03-06,Tomato,78,Gujarat,24,Navsari,490,500,875,712.5
2025-03-05,Tomato,78,Gujarat,24,Navsari,490,500,1100,825
2025-03-04,Tomato,78,Gujarat,24,Navsari,490,500,975,762.5
2025-03-03,Tomato,78,Gujarat,24,Navsari,490,500,1200,900
2025-03-02,Tomato,78,Gujarat,24,Navsari,490,500,1100,825
2025-03-01,Tomato,78,Gujarat,24,Navsari,490,500,1100,825
2025-02-28,Tomato,78,Gujarat,24,Navsari,490,500,1100,825
2025-02-27,Tomato,78,Gujarat,24,Navsari,490,500,1225,887.5
2025-02-26,Tomato,78,Gujarat,24,Navsari,490,600,700,650
2025-02-25,Tomato,78,Gujarat,24,Navsari,490,500,1000,775
2025-02-24,Tomato,78,Gujarat,24,Navsari,490,650,1100,875
2025-02-23,Tomato,78,Gujarat,24,Navsari,490,800,1200,1000
2025-02-22,Tomato,78,Gujarat,24,Navsari,490,800,1000,900
2025-02-21,Tomato,78,Gujarat,24,Navsari,490,650,1100,875
2025-02-20,Tomato,78,Gujarat,24,Navsari,490,750,1100,925
2025-02-19,Tomato,78,Gujarat,24,Navsari,490,800,1000,900
2025-02-18,Tomato,78,Gujarat,24,Navsari,490,750,1100,925
2025-02-17,Tomato,78,Gujarat,24,Navsari,490,750,1100,925
2025-02-15,Tomato,78,Gujarat,24,Navsari,490,750,1200,900
2025-02-14,Tomato,78,Gujarat,24,Navsari,490,500,1000,775
2025-02-13,Tomato,78,Gujarat,24,Navsari,490,500,1000,775
2025-02-12,Tomato,78,Gujarat,24,Navsari,490,750,1100,925
2025-02-11,Tomato,78,Gujarat,24,Navsari,490,750,1100,925
2025-02-10,Tomato,78,Gujarat,24,Navsari,490,750,1100,925
2025-02-09,Tomato,78,Gujarat,24,Navsari,490,500,1000,750
2025-02-08,Tomato,78,Gujarat,24,Navsari,490,750,1100,925
2025-02-07,Tomato,78,Gujarat,24,Navsari,490,1000,1200,1100
2025-02-06,Tomato,78,Gujarat,24,Navsari,490,750,1100,925
2025-02-05,Tomato,78,Gujarat,24,Navsari,490,750,1100,925
2025-02-04,Tomato,78,Gujarat,24,Navsari,490,750,1150,925
2025-02-03,Tomato,78,Gujarat,24,Navsari,490,800,1150,950
2025-02-02,Tomato,78,Gujarat,24,Navsari,490,500,1000,750
2025-02-01,Tomato,78,Gujarat,24,Navsari,490,750,1250,975
2025-01-31,Tomato,78,Gujarat,24,Navsari,490,500,1150,825
2025-01-30,Tomato,78,Gujarat,24,Navsari,490,675,1250,925
2025-01-29,Tomato,78,Gujarat,24,Navsari,490,650,1050,850
2025-01-28,Tomato,78,Gujarat,24,Navsari,490,675,1200,925
2025-01-27,Tomato,78,Gujarat,24,Navsari,490,675,1250,950
2025-01-26,Tomato,78,Gujarat,24,Navsari,490,725,1275,987.5
2025-01-25,Tomato,78,Gujarat,24,Navsari,490,750,1300,1000
2025-01-24,Tomato,78,Gujarat,24,Navsari,490,500,1225,887.5
2025-01-23,Tomato,78,Gujarat,24,Navsari,490,550,1200,900
2025-01-22,Tomato,78,Gujarat,24,Navsari,490,500,1225,887.5
2025-01-21,Tomato,78,Gujarat,24,Navsari,490,500,1150,850
2025-01-20,Tomato,78,Gujarat,24,Navsari,490,600,1125,887.5
2025-01-19,Tomato,78,Gujarat,24,Navsari,490,550,1150,875
2025-01-18,Tomato,78,Gujarat,24,Navsari,490,675,1400,1025
2025-01-17,Tomato,78,Gujarat,24,Navsari,490,625,1500,1050
2025-01-16,Tomato,78,Gujarat,24,Navsari,490,750,1625,1150
2025-01-15,Tomato,78,Gujarat,24,Navsari,490,750,1625,1150
2025-01-14,Tomato,78,Gujarat,24,Navsari,490,500,1400,950
2025-01-13,Tomato,78,Gujarat,24,Navsari,490,750,1425,1087.5
2025-01-12,Tomato,78,Gujarat,24,Navsari,490,750,1425,1087.5
2025-01-11,Tomato,78,Gujarat,24,Navsari,490,750,1425,1087.5
2025-01-10,Tomato,78,Gujarat,24,Navsari,490,750,1425,1087.5
2025-01-09,Tomato,78,Gujarat,24,Navsari,490,750,1525,1150
2025-01-08,Tomato,78,Gujarat,24,Navsari,490,750,1525,1150
2025-01-07,Tomato,78,Gujarat,24,Navsari,490,1000,1650,1350
2025-01-06,Tomato,78,Gujarat,24,Navsari,490,1250,1650,1475
2025-01-05,Tomato,78,Gujarat,24,Navsari,490,1000,1750,1400
2025-01-04,Tomato,78,Gujarat,24,Navsari,490,1000,1750,1387.5
2025-01-03,Tomato,78,Gujarat,24,Navsari,490,750,1875,1325
2025-01-02,Tomato,78,Gujarat,24,Navsari,490,1000,1875,1450
2025-01-01,Tomato,78,Gujarat,24,Navsari,490,1000,1750,1400
2024-12-31,Tomato,78,Gujarat,24,Navsari,490,1000,2000,1500
2024-12-30,Tomato,78,Gujarat,24,Navsari,490,1000,2125,1562.5
2024-12-29,Tomato,78,Gujarat,24,Navsari,490,1000,2000,1500
2024-12-28,Tomato,78,Gujarat,24,Navsari,490,1000,2500,1775
2024-12-27,Tomato,78,Gujarat,24,Navsari,490,1250,2875,2100
2024-12-26,Tomato,78,Gujarat,24,Navsari,490,1250,3250,2250
2024-12-25,Tomato,78,Gujarat,24,Navsari,490,1250,3500,2375
2024-12-24,Tomato,78,Gujarat,24,Navsari,490,1500,3500,2500
2024-12-13,Tomato,78,Gujarat,24,Navsari,490,1750,3125,2462.5
2024-12-12,Tomato,78,Gujarat,24,Navsari,490,1500,3000,2275
2024-12-11,Tomato,78,Gujarat,24,Navsari,490,1750,3250,2525
2024-12-10,Tomato,78,Gujarat,24,Navsari,490,1500,3500,2525
2024-12-09,Tomato,78,Gujarat,24,Navsari,490,2000,3750,2900
2024-12-08,Tomato,78,Gujarat,24,Navsari,490,2000,3750,2900
2024-12-07,Tomato,78,Gujarat,24,Navsari,490,2250,3750,3025
2024-12-06,Tomato,78,Gujarat,24,Navsari,490,2000,4000,3000
2024-12-05,Tomato,78,Gujarat,24,Navsari,490,2000,4000,3000
2024-12-04,Tomato,78,Gujarat,24,Navsari,490,2000,4125,3062.5
2024-12-03,Tomato,78,Gujarat,24,Navsari,490,2000,4125,3062.5
2024-12-02,Tomato,78,Gujarat,24,Navsari,490,1750,3750,2750
2024-12-01,Tomato,78,Gujarat,24,Navsari,490,2000,3750,2875
2024-11-30,Tomato,78,Gujarat,24,Navsari,490,1500,3375,2437.5
2024-11-29,Tomato,78,Gujarat,24,Navsari,490,1625,3500,2562.5
2024-11-28,Tomato,78,Gujarat,24,Navsari,490,1500,3500,2500
2024-11-27,Tomato,78,Gujarat,24,Navsari,490,1750,3500,2625
2024-11-26,Tomato,78,Gujarat,24,Navsari,490,1500,3375,2437.5
2024-11-25,Tomato,78,Gujarat,24,Navsari,490,1625,3375,2500
2024-11-24,Tomato,78,Gujarat,24,Navsari,490,1250,3250,2250
2024-11-23,Tomato,78,Gujarat,24,Navsari,490,1250,3250,2250
2024-11-22,Tomato,78,Gujarat,24,Navsari,490,1250,3250,2250
2024-11-21,Tomato,78,Gujarat,24,Navsari,490,1250,3250,2250
2024-11-20,Tomato,78,Gujarat,24,Navsari,490,1450,3375,2412.5
2024-11-19,Tomato,78,Gujarat,24,Navsari,490,1250,3500,2375
2024-11-18,Tomato,78,Gujarat,24,Navsari,490,1500,3250,2400
2024-11-17,Tomato,78,Gujarat,24,Navsari,490,2000,3500,2800
2024-11-16,Tomato,78,Gujarat,24,Navsari,490,1500,3000,2200
2024-11-14,Tomato,78,Gujarat,24,Navsari,490,1250,3000,2100
2024-11-13,Tomato,78,Gujarat,24,Navsari,490,1250,3000,2100
2024-11-12,Tomato,78,Gujarat,24,Navsari,490,1375,3125,2250
2024-11-11,Tomato,78,Gujarat,24,Navsari,490,1375,3125,2250
2024-11-10,Tomato,78,Gujarat,24,Navsari,490,1375,3000,2187.5
2024-11-09,Tomato,78,Gujarat,24,Navsari,490,1500,3000,2200
2024-11-08,Tomato,78,Gujarat,24,Navsari,490,1375,2750,2037.5
2024-11-07,Tomato,78,Gujarat,24,Navsari,490,1250,2875,2037.5
2024-11-06,Tomato,78,Gujarat,24,Navsari,490,1500,3000,2200
2024-11-05,Tomato,78,Gujarat,24,Navsari,490,1500,3000,2200
2024-11-04,Tomato,78,Gujarat,24,Navsari,490,1500,3500,2500
2024-11-03,Tomato,78,Gujarat,24,Navsari,490,1500,3500,2500
2024-11-02,Tomato,78,Gujarat,24,Navsari,490,1500,3500,2500
2024-11-01,Tomato,78,Gujarat,24,Navsari,490,1500,3500,2500
2024-10-31,Tomato,78,Gujarat,24,Navsari,490,1000,3000,2000
2024-10-30,Tomato,78,Gujarat,24,Navsari,490,1500,2500,2000
2024-10-29,Tomato,78,Gujarat,24,Navsari,490,1750,3500,2650
2024-10-28,Tomato,78,Gujarat,24,Navsari,490,1500,3625,2587.5
2024-10-27,Tomato,78,Gujarat,24,Navsari,490,1750,3500,2650
2024-10-26,Tomato,78,Gujarat,24,Navsari,490,1250,3875,2587.5
2024-10-25,Tomato,78,Gujarat,24,Navsari,490,2500,5250,3875
2024-10-24,Tomato,78,Gujarat,24,Navsari,490,2500,5500,4000
2024-10-23,Tomato,78,Gujarat,24,Navsari,490,3500,6000,4750
2024-10-22,Tomato,78,Gujarat,24,Navsari,490,2750,5375,4087.5
2024-10-21,Tomato,78,Gujarat,24,Navsari,490,2750,5500,4150
2024-10-20,Tomato,78,Gujarat,24,Navsari,490,2500,5250,3900
2024-10-19,Tomato,78,Gujarat,24,Navsari,490,4000,5000,4500
2024-10-18,Tomato,78,Gujarat,24,Navsari,490,3250,5250,4250
2024-10-17,Tomato,78,Gujarat,24,Navsari,490,3750,5750,4775
2024-10-16,Tomato,78,Gujarat,24,Navsari,490,3625,5875,4775
2024-10-15,Tomato,78,Gujarat,24,Navsari,490,2500,6000,4250
2024-10-14,Tomato,78,Gujarat,24,Navsari,490,3250,6250,4900
2024-10-13,Tomato,78,Gujarat,24,Navsari,490,3500,6250,5025
2024-10-12,Tomato,78,Gujarat,24,Navsari,490,3250,6000,4625
2024-10-11,Tomato,78,Gujarat,24,Navsari,490,3500,7000,5250
2024-10-10,Tomato,78,Gujarat,24,Navsari,490,3500,7500,5475
2024-10-09,Tomato,78,Gujarat,24,Navsari,490,3500,7000,5225
2024-10-08,Tomato,78,Gujarat,24,Navsari,490,3500,7250,5375
2024-10-07,Tomato,78,Gujarat,24,Navsari,490,3500,8000,5750
2024-10-06,Tomato,78,Gujarat,24,Navsari,490,3000,8000,5500
2024-10-05,Tomato,78,Gujarat,24,Navsari,490,2500,5250,3875
2024-10-04,Tomato,78,Gujarat,24,Navsari,490,2500,5250,3875
2024-10-03,Tomato,78,Gujarat,24,Navsari,490,3000,5750,4375
2024-10-02,Tomato,78,Gujarat,24,Navsari,490,2750,5750,4250
2024-10-01,Tomato,78,Gujarat,24,Navsari,490,2500,5750,4125
2024-09-30,Tomato,78,Gujarat,24,Navsari,490,2750,5625,4375
2024-09-29,Tomato,78,Gujarat,24,Navsari,490,2500,5375,4125
2024-09-28,Tomato,78,Gujarat,24,Navsari,490,2250,4875,3587.5
2024-09-27,Tomato,78,Gujarat,24,Navsari,490,2000,4750,3400
2024-09-26,Tomato,78,Gujarat,24,Navsari,490,2500,4375,3437.5
2024-09-25,Tomato,78,Gujarat,24,Navsari,490,2000,4500,3250
2024-09-24,Tomato,78,Gujarat,24,Navsari,490,2250,4500,3375
2024-09-23,Tomato,78,Gujarat,24,Navsari,490,2500,4500,3500
2024-09-22,Tomato,78,Gujarat,24,Navsari,490,2250,4500,3375
2024-09-21,Tomato,78,Gujarat,24,Navsari,490,1500,4375,2912.5
2024-09-20,Tomato,78,Gujarat,24,Navsari,490,2000,4250,3100
2024-09-19,Tomato,78,Gujarat,24,Navsari,490,1750,4250,2975
2024-09-18,Tomato,78,Gujarat,24,Navsari,490,1500,4000,2750
2024-09-17,Tomato,78,Gujarat,24,Navsari,490,2000,3750,2875
2024-09-16,Tomato,78,Gujarat,24,Navsari,490,1500,3125,2287.5
2024-09-14,Tomato,78,Gujarat,24,Navsari,490,1250,2625,1875
2024-09-13,Tomato,78,Gujarat,24,Navsari,490,1000,2375,1712.5
2024-09-12,Tomato,78,Gujarat,24,Navsari,490,1000,2500,1775
2024-09-11,Tomato,78,Gujarat,24,Navsari,490,1000,2500,1775
2024-09-10,Tomato,78,Gujarat,24,Navsari,490,1000,2500,1775
2024-09-09,Tomato,78,Gujarat,24,Navsari,490,1000,2450,1750
2024-09-08,Tomato,78,Gujarat,24,Navsari,490,1000,2450,1750
2024-09-07,Tomato,78,Gujarat,24,Navsari,490,1000,2500,1775
2024-09-06,Tomato,78,Gujarat,24,Navsari,490,1250,2625,1875
2024-09-05,Tomato,78,Gujarat,24,Navsari,490,1250,2625,1875
2024-09-04,Tomato,78,Gujarat,24,Navsari,490,1000,2250,1625
2024-09-03,Tomato,78,Gujarat,24,Navsari,490,1250,2500,1875
2024-09-02,Tomato,78,Gujarat,24,Navsari,490,875,2000,1437.5
2024-09-01,Tomato,78,Gujarat,24,Navsari,490,1000,2000,1500
2024-08-31,Tomato,78,Gujarat,24,Navsari,490,750,2375,1587.5
2024-08-30,Tomato,78,Gujarat,24,Navsari,490,1000,2375,1712.5
2024-08-29,Tomato,78,Gujarat,24,Navsari,490,1000,2750,1875
2024-08-28,Tomato,78,Gujarat,24,Navsari,490,1125,2750,1937.5
2024-08-27,Tomato,78,Gujarat,24,Navsari,490,1250,3125,2200
2024-08-26,Tomato,78,Gujarat,24,Navsari,490,1000,3000,2000
2024-08-25,Tomato,78,Gujarat,24,Navsari,490,1000,3000,2000
2024-08-24,Tomato,78,Gujarat,24,Navsari,490,1500,3250,2400
2024-08-23,Tomato,78,Gujarat,24,Navsari,490,1250,3375,2312.5
2024-08-22,Tomato,78,Gujarat,24,Navsari,490,1625,3500,2562.5
2024-08-21,Tomato,78,Gujarat,24,Navsari,490,1250,3250,2250
2024-08-20,Tomato,78,Gujarat,24,Navsari,490,1250,3500,2350
2024-08-19,Tomato,78,Gujarat,24,Navsari,490,1125,3500,2287.5
2024-08-17,Tomato,78,Gujarat,24,Navsari,490,1125,3000,2087.5
2024-08-16,Tomato,78,Gujarat,24,Navsari,490,1000,2750,1900
2024-08-15,Tomato,78,Gujarat,24,Navsari,490,1000,3500,2250
2024-08-14,Tomato,78,Gujarat,24,Navsari,490,1000,3000,2000
2024-08-13,Tomato,78,Gujarat,24,Navsari,490,1000,3000,2000
2024-08-12,Tomato,78,Gujarat,24,Navsari,490,1250,3250,2250
2024-08-11,Tomato,78,Gujarat,24,Navsari,490,875,3000,1937.5
2024-08-10,Tomato,78,Gujarat,24,Navsari,490,1250,3500,2375
2024-08-09,Tomato,78,Gujarat,24,Navsari,490,1500,3625,2562.5
2024-08-08,Tomato,78,Gujarat,24,Navsari,490,2250,4000,3125
2024-08-07,Tomato,78,Gujarat,24,Navsari,490,1500,3750,2650
2024-08-06,Tomato,78,Gujarat,24,Navsari,490,1750,3750,2750
2024-08-05,Tomato,78,Gujarat,24,Navsari,490,1500,3250,2400
2024-08-04,Tomato,78,Gujarat,24,Navsari,490,1000,3500,2250
2024-07-31,Tomato,78,Gujarat,24,Navsari,490,1500,4250,2875
2024-07-30,Tomato,78,Gujarat,24,Navsari,490,1750,4250,3000
2024-07-29,Tomato,78,Gujarat,24,Navsari,490,2250,4750,3500
2024-07-28,Tomato,78,Gujarat,24,Navsari,490,2250,4500,3375
2024-07-27,Tomato,78,Gujarat,24,Navsari,490,2250,5250,3750
2024-07-26,Tomato,78,Gujarat,24,Navsari,490,2500,6000,4500
2024-07-25,Tomato,78,Gujarat,24,Navsari,490,2500,6000,4375
2024-07-24,Tomato,78,Gujarat,24,Navsari,490,3000,6250,4650
2024-07-23,Tomato,78,Gujarat,24,Navsari,490,3250,6250,4750
2024-07-22,Tomato,78,Gujarat,24,Navsari,490,4000,6250,5125
2024-07-21,Tomato,78,Gujarat,24,Navsari,490,3500,6250,4875
2024-07-20,Tomato,78,Gujarat,24,Navsari,490,3000,7000,5025
2024-07-19,Tomato,78,Gujarat,24,Navsari,490,4250,7750,6000
2024-07-18,Tomato,78,Gujarat,24,Navsari,490,4000,7750,5875
2024-07-17,Tomato,78,Gujarat,24,Navsari,490,3500,7625,5562.5
2024-07-16,Tomato,78,Gujarat,24,Navsari,490,3750,7375,5562.5
2024-07-15,Tomato,78,Gujarat,24,Navsari,490,4250,6750,5500
2024-07-14,Tomato,78,Gujarat,24,Navsari,490,4500,6500,5500
2024-07-13,Tomato,78,Gujarat,24,Navsari,490,4250,6375,5312.5
2024-07-12,Tomato,78,Gujarat,24,Navsari,490,3500,6500,5000
2024-07-11,Tomato,78,Gujarat,24,Navsari,490,4000,6500,5200
2024-07-10,Tomato,78,Gujarat,24,Navsari,490,3750,6500,5100
2024-07-09,Tomato,78,Gujarat,24,Navsari,490,4500,6500,5475
2024-07-08,Tomato,78,Gujarat,24,Navsari,490,4750,6750,5725
2024-07-07,Tomato,78,Gujarat,24,Navsari,490,5500,7000,6000
2024-07-06,Tomato,78,Gujarat,24,Navsari,490,4000,6250,5000
2024-07-05,Tomato,78,Gujarat,24,Navsari,490,4000,6000,4875
2024-07-04,Tomato,78,Gujarat,24,Navsari,490,3750,6000,4875
2024-07-03,Tomato,78,Gujarat,24,Navsari,490,3750,6000,4875
2024-07-02,Tomato,78,Gujarat,24,Navsari,490,3250,5250,4275
2024-07-01,Tomato,78,Gujarat,24,Navsari,490,3250,5500,4400
2024-06-30,Tomato,78,Gujarat,24,Navsari,490,4000,5500,4800
2024-06-29,Tomato,78,Gujarat,24,Navsari,490,2750,5750,4250
2024-06-28,Tomato,78,Gujarat,24,Navsari,490,3250,5875,4562.5
2024-06-27,Tomato,78,Gujarat,24,Navsari,490,3000,5750,4375
2024-06-26,Tomato,78,Gujarat,24,Navsari,490,2250,5500,3875
2024-06-25,Tomato,78,Gujarat,24,Navsari,490,2750,5500,4125
2024-06-24,Tomato,78,Gujarat,24,Navsari,490,3000,5750,4375
2024-06-23,Tomato,78,Gujarat,24,Navsari,490,3000,6000,4500
2024-06-22,Tomato,78,Gujarat,24,Navsari,490,3250,5250,4250
2024-06-21,Tomato,78,Gujarat,24,Navsari,490,2750,5000,3875
2024-06-20,Tomato,78,Gujarat,24,Navsari,490,3250,5000,4100
2024-06-19,Tomato,78,Gujarat,24,Navsari,490,3000,5250,4100
2024-06-18,Tomato,78,Gujarat,24,Navsari,490,2000,5250,3625
2024-06-17,Tomato,78,Gujarat,24,Navsari,490,2500,4750,3600
2024-06-16,Tomato,78,Gujarat,24,Navsari,490,2500,5000,3700
2024-06-15,Tomato,78,Gujarat,24,Navsari,490,1500,5000,3250
2024-06-14,Tomato,78,Gujarat,24,Navsari,490,2000,4375,3162.5
2024-06-13,Tomato,78,Gujarat,24,Navsari,490,1500,3625,2525
2024-06-12,Tomato,78,Gujarat,24,Navsari,490,1750,3375,2575
2024-06-11,Tomato,78,Gujarat,24,Navsari,490,1750,3750,2750
2024-06-10,Tomato,78,Gujarat,24,Navsari,490,1750,3250,2475
2024-06-09,Tomato,78,Gujarat,24,Navsari,490,1500,3000,2200
2024-06-08,Tomato,78,Gujarat,24,Navsari,490,1500,3250,2350
2024-06-07,Tomato,78,Gujarat,24,Navsari,490,1500,3375,2400
2024-06-06,Tomato,78,Gujarat,24,Navsari,490,1125,2750,1912.5
2024-06-05,Tomato,78,Gujarat,24,Navsari,490,1500,3125,2350
2024-06-04,Tomato,78,Gujarat,24,Navsari,490,1250,2875,2100
2024-06-03,Tomato,78,Gujarat,24,Navsari,490,1250,2375,1812.5
2024-06-02,Tomato,78,Gujarat,24,Navsari,490,1500,2500,2000
2024-06-01,Tomato,78,Gujarat,24,Navsari,490,625,1450,1025
2024-05-31,Tomato,78,Gujarat,24,Navsari,490,825,1500,1150
2024-05-30,Tomato,78,Gujarat,24,Navsari,490,1250,2000,1625
2024-05-29,Tomato,78,Gujarat,24,Navsari,490,750,2000,1375
2024-05-28,Tomato,78,Gujarat,24,Navsari,490,1200,2000,1600
2024-05-27,Tomato,78,Gujarat,24,Navsari,490,1000,2000,1500
2024-05-26,Tomato,78,Gujarat,24,Navsari,490,1000,2000,1500
2024-05-25,Tomato,78,Gujarat,24,Navsari,490,875,1750,1275
2024-05-24,Tomato,78,Gujarat,24,Navsari,490,875,1825,1312.5
2024-05-23,Tomato,78,Gujarat,24,Navsari,490,750,1700,1212.5
2024-05-22,Tomato,78,Gujarat,24,Navsari,490,650,1550,1100
2024-05-21,Tomato,78,Gujarat,24,Navsari,490,800,1325,1062.5
2024-05-20,Tomato,78,Gujarat,24,Navsari,490,800,1250,1025
2024-05-19,Tomato,78,Gujarat,24,Navsari,490,500,1000,800
2024-05-18,Tomato,78,Gujarat,24,Navsari,490,400,1000,725
2024-05-17,Tomato,78,Gujarat,24,Navsari,490,350,950,675
2024-05-16,Tomato,78,Gujarat,24,Navsari,490,450,1000,750
2024-05-14,Tomato,78,Gujarat,24,Navsari,490,500,1150,825
2024-05-13,Tomato,78,Gujarat,24,Navsari,490,500,1200,825
2024-05-12,Tomato,78,Gujarat,24,Navsari,490,500,1200,800
2024-05-11,Tomato,78,Gujarat,24,Navsari,490,625,1500,1025
2024-05-10,Tomato,78,Gujarat,24,Navsari,490,625,1425,987.5
2024-05-09,Tomato,78,Gujarat,24,Navsari,490,550,1350,950
2024-05-08,Tomato,78,Gujarat,24,Navsari,490,550,1500,1025
2024-05-07,Tomato,78,Gujarat,24,Navsari,490,500,1500,1000
2024-05-06,Tomato,78,Gujarat,24,Navsari,490,1000,1500,1200
2024-05-05,Tomato,78,Gujarat,24,Navsari,490,1000,1500,1200
2024-05-04,Tomato,78,Gujarat,24,Navsari,490,600,1300,900
2024-05-03,Tomato,78,Gujarat,24,Navsari,490,550,1400,950
2024-05-02,Tomato,78,Gujarat,24,Navsari,490,550,1275,875
2024-05-01,Tomato,78,Gujarat,24,Navsari,490,550,1250,875
2024-04-30,Tomato,78,Gujarat,24,Navsari,490,550,1250,875
2024-04-29,Tomato,78,Gujarat,24,Navsari,490,500,1200,800
2024-04-28,Tomato,78,Gujarat,24,Navsari,490,500,1250,800
2024-04-27,Tomato,78,Gujarat,24,Navsari,490,500,1125,775
2024-04-26,Tomato,78,Gujarat,24,Navsari,490,550,1275,875
2024-04-25,Tomato,78,Gujarat,24,Navsari,490,550,1400,975
2024-04-24,Tomato,78,Gujarat,24,Navsari,490,550,1350,950
2024-04-23,Tomato,78,Gujarat,24,Navsari,490,500,1300,900
2024-04-22,Tomato,78,Gujarat,24,Navsari,490,750,1375,1037.5
2024-04-21,Tomato,78,Gujarat,24,Navsari,490,1000,1500,1200
2024-04-20,Tomato,78,Gujarat,24,Navsari,490,600,1250,900
2024-04-19,Tomato,78,Gujarat,24,Navsari,490,675,1300,1012.5
2024-04-18,Tomato,78,Gujarat,24,Navsari,490,500,1400,950
2024-04-16,Tomato,78,Gujarat,24,Navsari,490,600,1300,950
2024-04-15,Tomato,78,Gujarat,24,Navsari,490,500,1000,750
2024-04-11,Tomato,78,Gujarat,24,Navsari,490,600,1200,900
2024-04-10,Tomato,78,Gujarat,24,Navsari,490,500,1000,750
2024-04-09,Tomato,78,Gujarat,24,Navsari,490,500,1100,800
2024-04-08,Tomato,78,Gujarat,24,Navsari,490,600,1250,925
2024-04-06,Tomato,78,Gujarat,24,Navsari,490,500,1200,850
2024-04-03,Tomato,78,Gujarat,24,Navsari,490,600,1400,1000
2024-04-01,Tomato,78,Gujarat,24,Navsari,490,500,1300,900
2024-03-29,Tomato,78,Gujarat,24,Navsari,490,500,1500,1000
2024-03-28,Tomato,78,Gujarat,24,Navsari,490,750,1375,1000
2024-03-27,Tomato,78,Gujarat,24,Navsari,490,1000,1750,1375
2024-03-26,Tomato,78,Gujarat,24,Navsari,490,1000,1500,1200
2024-03-23,Tomato,78,Gujarat,24,Navsari,490,625,1375,962.5
2024-03-22,Tomato,78,Gujarat,24,Navsari,490,1125,1750,1375
2024-03-21,Tomato,78,Gujarat,24,Navsari,490,750,1750,1250
2024-03-20,Tomato,78,Gujarat,24,Navsari,490,1000,1750,1350
2024-03-19,Tomato,78,Gujarat,24,Navsari,490,875,1675,1275
2024-03-18,Tomato,78,Gujarat,24,Navsari,490,1000,2000,1500
2024-03-16,Tomato,78,Gujarat,24,Navsari,490,1000,2000,1500
2024-03-14,Tomato,78,Gujarat,24,Navsari,490,1000,2250,1600
2024-03-13,Tomato,78,Gujarat,24,Navsari,490,1500,2000,1750
2024-03-12,Tomato,78,Gujarat,24,Navsari,490,1000,2250,1600
2024-03-09,Tomato,78,Gujarat,24,Navsari,490,1000,2000,1500
2024-03-06,Tomato,78,Gujarat,24,Navsari,490,1000,1750,1375
2024-03-05,Tomato,78,Gujarat,24,Navsari,490,1000,1750,1375
2024-03-04,Tomato,78,Gujarat,24,Navsari,490,1000,2000,1500
2024-03-02,Tomato,78,Gujarat,24,Navsari,490,1000,2000,1500
2024-03-01,Tomato,78,Gujarat,24,Navsari,490,1250,1750,1500
2024-02-29,Tomato,78,Gujarat,24,Navsari,490,1000,2000,1500
2024-02-28,Tomato,78,Gujarat,24,Navsari,490,1125,2250,1650
2024-02-27,Tomato,78,Gujarat,24,Navsari,490,1000,2000,1500
2024-02-26,Tomato,78,Gujarat,24,Navsari,490,1125,2550,1825
2024-02-23,Tomato,78,Gujarat,24,Navsari,490,1250,2375,1712.5
2024-02-22,Tomato,78,Gujarat,24,Navsari,490,1000,2000,1500
2024-02-21,Tomato,78,Gujarat,24,Navsari,490,1000,2500,1750
2024-02-20,Tomato,78,Gujarat,24,Navsari,490,1250,2500,1800
2024-02-19,Tomato,78,Gujarat,24,Navsari,490,1250,2375,1800
2024-02-17,Tomato,78,Gujarat,24,Navsari,490,1500,2800,2125
2024-02-16,Tomato,78,Gujarat,24,Navsari,490,1250,2500,1850
2024-02-15,Tomato,78,Gujarat,24,Navsari,490,1000,2000,1500
2024-02-14,Tomato,78,Gujarat,24,Navsari,490,1250,2500,1800
2024-02-13,Tomato,78,Gujarat,24,Navsari,490,1125,2750,1875
2024-02-12,Tomato,78,Gujarat,24,Navsari,490,1500,2500,2000
2024-02-09,Tomato,78,Gujarat,24,Navsari,490,2000,3600,2800
2024-02-08,Tomato,78,Gujarat,24,Navsari,490,1750,3050,2400
2024-02-07,Tomato,78,Gujarat,24,Navsari,490,2000,3375,2650
2024-02-06,Tomato,78,Gujarat,24,Navsari,490,1750,3375,2525
2024-02-05,Tomato,78,Gujarat,24,Navsari,490,2000,3000,2500
2024-02-02,Tomato,78,Gujarat,24,Navsari,490,1750,3750,2725
2024-02-01,Tomato,78,Gujarat,24,Navsari,490,2000,3750,2850
2024-01-31,Tomato,78,Gujarat,24,Navsari,490,2250,3625,2937.5
2024-01-30,Tomato,78,Gujarat,24,Navsari,490,2000,3000,2500
2024-01-29,Tomato,78,Gujarat,24,Navsari,490,2000,3000,2500
2024-01-24,Tomato,78,Gujarat,24,Navsari,490,1250,2500,1875
2024-01-23,Tomato,78,Gujarat,24,Navsari,490,1000,2400,1700
2024-01-20,Tomato,78,Gujarat,24,Navsari,490,1500,2500,2000
2024-01-19,Tomato,78,Gujarat,24,Navsari,490,1000,2100,1550
2024-01-18,Tomato,78,Gujarat,24,Navsari,490,1000,2000,1500
2024-01-17,Tomato,78,Gujarat,24,Navsari,490,1000,1750,1375
2024-01-16,Tomato,78,Gujarat,24,Navsari,490,1000,2000,1500
2024-01-13,Tomato,78,Gujarat,24,Navsari,490,1000,2000,1500
2024-01-12,Tomato,78,Gujarat,24,Navsari,490,1000,1875,1437.5
2024-01-11,Tomato,78,Gujarat,24,Navsari,490,1000,2000,1500
2024-01-10,Tomato,78,Gujarat,24,Navsari,490,1250,1750,1500
2024-01-09,Tomato,78,Gujarat,24,Navsari,490,1000,1750,1375
2024-01-06,Tomato,78,Gujarat,24,Navsari,490,750,1600,1175
2024-01-05,Tomato,78,Gujarat,24,Navsari,490,1000,1750,1375
2024-01-03,Tomato,78,Gujarat,24,Navsari,490,1000,2000,1500
2023-12-29,Tomato,78,Gujarat,24,Navsari,490,1250,2500,1875
2023-12-28,Tomato,78,Gujarat,24,Navsari,490,1000,2250,1625
2023-12-27,Tomato,78,Gujarat,24,Navsari,490,1500,2000,1750
2023-12-25,Tomato,78,Gujarat,24,Navsari,490,1000,2250,1625
2023-12-23,Tomato,78,Gujarat,24,Navsari,490,750,1750,1250
2023-12-22,Tomato,78,Gujarat,24,Navsari,490,1000,2000,1500
2023-12-21,Tomato,78,Gujarat,24,Navsari,490,1000,2500,1750
2023-12-20,Tomato,78,Gujarat,24,Navsari,490,1000,2500,1750
2023-12-19,Tomato,78,Gujarat,24,Navsari,490,1000,2500,1750
2023-12-18,Tomato,78,Gujarat,24,Navsari,490,1000,2500,1750
2023-12-16,Tomato,78,Gujarat,24,Navsari,490,1000,2500,1750
2023-12-15,Tomato,78,Gujarat,24,Navsari,490,1000,2500,1750
2023-12-12,Tomato,78,Gujarat,24,Navsari,490,1000,2500,1750
2023-12-11,Tomato,78,Gujarat,24,Navsari,490,1000,2750,1875
2023-12-08,Tomato,78,Gujarat,24,Navsari,490,1000,3000,2000
2023-12-07,Tomato,78,Gujarat,24,Navsari,490,2000,3500,2800
2023-12-06,Tomato,78,Gujarat,24,Navsari,490,1500,3500,2500
2023-12-05,Tomato,78,Gujarat,24,Navsari,490,1500,3500,2500
2023-12-04,Tomato,78,Gujarat,24,Navsari,490,1750,3750,2750
2023-12-02,Tomato,78,Gujarat,24,Navsari,490,2250,4000,3050
2023-12-01,Tomato,78,Gujarat,24,Navsari,490,1750,4000,2875
2023-11-30,Tomato,78,Gujarat,24,Navsari,490,2000,4250,3125
2023-11-29,Tomato,78,Gujarat,24,Navsari,490,1750,4500,3125
2023-11-27,Tomato,78,Gujarat,24,Navsari,490,1750,4000,2875
2023-11-25,Tomato,78,Gujarat,24,Navsari,490,1625,4125,2900
2023-11-24,Tomato,78,Gujarat,24,Navsari,490,1500,4125,2812.5
2023-11-23,Tomato,78,Gujarat,24,Navsari,490,1875,3875,2875
2023-11-22,Tomato,78,Gujarat,24,Navsari,490,1500,3750,2625
2023-11-21,Tomato,78,Gujarat,24,Navsari,490,1500,3750,2600
2023-11-20,Tomato,78,Gujarat,24,Navsari,490,2000,4500,3200
2023-11-10,Tomato,78,Gujarat,24,Navsari,490,1000,3000,2000
2023-11-09,Tomato,78,Gujarat,24,Navsari,490,1500,3000,2250
2023-11-08,Tomato,78,Gujarat,24,Navsari,490,1250,2500,1875
2023-11-07,Tomato,78,Gujarat,24,Navsari,490,1000,2500,1750
2023-11-06,Tomato,78,Gujarat,24,Navsari,490,1000,2250,1500
2023-11-03,Tomato,78,Gujarat,24,Navsari,490,1000,2000,1500
2023-11-01,Tomato,78,Gujarat,24,Navsari,490,875,1625,1212.5
2023-10-31,Tomato,78,Gujarat,24,Navsari,490,875,1625,1212.5
2023-10-30,Tomato,78,Gujarat,24,Navsari,490,750,1500,1125
2023-10-28,Tomato,78,Gujarat,24,Navsari,490,1000,1600,1300
2023-10-27,Tomato,78,Gujarat,24,Navsari,490,1000,1650,1300
2023-10-26,Tomato,78,Gujarat,24,Navsari,490,1250,1750,1500
2023-10-25,Tomato,78,Gujarat,24,Navsari,490,1000,1600,1300
2023-10-23,Tomato,78,Gujarat,24,Navsari,490,750,1100,900
2023-10-21,Tomato,78,Gujarat,24,Navsari,490,450,1025,737.5
2023-10-20,Tomato,78,Gujarat,24,Navsari,490,400,800,600
2023-10-19,Tomato,78,Gujarat,24,Navsari,490,400,800,600
2023-10-18,Tomato,78,Gujarat,24,Navsari,490,550,1050,800
2023-10-17,Tomato,78,Gujarat,24,Navsari,490,500,1100,800
2023-10-16,Tomato,78,Gujarat,24,Navsari,490,550,1050,800
2023-10-14,Tomato,78,Gujarat,24,Navsari,490,500,1000,750
2023-10-13,Tomato,78,Gujarat,24,Navsari,490,400,900,600
2023-10-12,Tomato,78,Gujarat,24,Navsari,490,500,900,700
2023-10-11,Tomato,78,Gujarat,24,Navsari,490,500,1000,750
2023-10-10,Tomato,78,Gujarat,24,Navsari,490,450,900,675
2023-10-09,Tomato,78,Gujarat,24,Navsari,490,400,800,600
2023-10-07,Tomato,78,Gujarat,24,Navsari,490,500,1000,725
2023-10-06,Tomato,78,Gujarat,24,Navsari,490,500,1000,700
2023-10-05,Tomato,78,Gujarat,24,Navsari,490,750,1250,1000
2023-10-03,Tomato,78,Gujarat,24,Navsari,490,675,1050,825
2023-10-02,Tomato,78,Gujarat,24,Navsari,490,600,1100,850
2023-09-30,Tomato,78,Gujarat,24,Navsari,490,600,1000,800
2023-09-27,Tomato,78,Gujarat,24,Navsari,490,600,1000,800
2023-09-26,Tomato,78,Gujarat,24,Navsari,490,600,1000,800
2023-09-25,Tomato,78,Gujarat,24,Navsari,490,750,1100,800
2023-09-23,Tomato,78,Gujarat,24,Navsari,490,450,850,650
2023-09-22,Tomato,78,Gujarat,24,Navsari,490,500,900,700
2023-09-21,Tomato,78,Gujarat,24,Navsari,490,400,900,650
2023-09-20,Tomato,78,Gujarat,24,Navsari,490,500,1000,750
2023-09-19,Tomato,78,Gujarat,24,Navsari,490,500,1000,750
2023-09-18,Tomato,78,Gujarat,24,Navsari,490,400,900,700
2023-09-15,Tomato,78,Gujarat,24,Navsari,490,500,1000,750
2023-09-14,Tomato,78,Gujarat,24,Navsari,490,500,1000,750
2023-09-13,Tomato,78,Gujarat,24,Navsari,490,500,1000,800
2023-09-12,Tomato,78,Gujarat,24,Navsari,490,500,1000,800
2023-09-11,Tomato,78,Gujarat,24,Navsari,490,625,1000,775
2023-09-09,Tomato,78,Gujarat,24,Navsari,490,650,1275,937.5
2023-09-06,Tomato,78,Gujarat,24,Navsari,490,1000,2250,1625
2023-09-05,Tomato,78,Gujarat,24,Navsari,490,1000,2125,1562.5
2023-09-04,Tomato,78,Gujarat,24,Navsari,490,1000,2125,1562.5
2023-09-02,Tomato,78,Gujarat,24,Navsari,490,1000,2250,1625
2023-09-01,Tomato,78,Gujarat,24,Navsari,490,1375,2750,1975
2023-08-31,Tomato,78,Gujarat,24,Navsari,490,1250,2625,2000
2023-08-29,Tomato,78,Gujarat,24,Navsari,490,1350,2750,2025
2023-08-28,Tomato,78,Gujarat,24,Navsari,490,2000,3250,2500
2023-08-26,Tomato,78,Gujarat,24,Navsari,490,1500,2500,2000
2023-08-24,Tomato,78,Gujarat,24,Navsari,490,1750,3000,2375
2023-08-23,Tomato,78,Gujarat,24,Navsari,490,1500,3500,2500
2023-08-22,Tomato,78,Gujarat,24,Navsari,490,2500,4000,3250
2023-08-21,Tomato,78,Gujarat,24,Navsari,490,2000,4500,3200
2023-08-19,Tomato,78,Gujarat,24,Navsari,490,2500,4500,3500
2023-08-18,Tomato,78,Gujarat,24,Navsari,490,2000,5000,3500
2023-08-17,Tomato,78,Gujarat,24,Navsari,490,2250,5500,4000
2023-08-14,Tomato,78,Gujarat,24,Navsari,490,4000,6500,5250
2023-08-12,Tomato,78,Gujarat,24,Navsari,490,3500,7000,5250
2023-08-11,Tomato,78,Gujarat,24,Navsari,490,4500,8000,6250
2023-08-10,Tomato,78,Gujarat,24,Navsari,490,5000,10000,7500
2023-08-09,Tomato,78,Gujarat,24,Navsari,490,4000,11000,7500
2023-08-07,Tomato,78,Gujarat,24,Navsari,490,700,11000,9000
2023-08-05,Tomato,78,Gujarat,24,Navsari,490,7500,12000,9750
2023-08-03,Tomato,78,Gujarat,24,Navsari,490,7000,12000,9500
2023-07-31,Tomato,78,Gujarat,24,Navsari,490,5000,12500,8750
2023-07-29,Tomato,78,Gujarat,24,Navsari,490,6000,11000,8500
2023-07-28,Tomato,78,Gujarat,24,Navsari,490,6500,11000,8750
2023-07-27,Tomato,78,Gujarat,24,Navsari,490,6000,11500,8750
2023-07-26,Tomato,78,Gujarat,24,Navsari,490,11000,13500,12250
2023-07-25,Tomato,78,Gujarat,24,Navsari,490,6000,12000,9000
2023-07-24,Tomato,78,Gujarat,24,Navsari,490,5000,10000,7500
2023-07-22,Tomato,78,Gujarat,24,Navsari,490,1000,1800,1400
2023-07-20,Tomato,78,Gujarat,24,Navsari,490,5000,10000,7500
2023-07-19,Tomato,78,Gujarat,24,Navsari,490,5000,10000,8000
2023-07-18,Tomato,78,Gujarat,24,Navsari,490,3000,6000,4750
2023-07-17,Tomato,78,Gujarat,24,Navsari,490,5000,9000,7500
2023-07-15,Tomato,78,Gujarat,24,Navsari,490,160,340,250
2023-07-14,Tomato,78,Gujarat,24,Navsari,490,2500,5400,4450
2023-07-13,Tomato,78,Gujarat,24,Navsari,490,2500,5100,4300
2023-07-10,Tomato,78,Gujarat,24,Navsari,490,6000,7500,7000
2023-07-08,Tomato,78,Gujarat,24,Navsari,490,4000,9000,6500
2023-07-07,Tomato,78,Gujarat,24,Navsari,490,4000,8500,6000
2023-07-06,Tomato,78,Gujarat,24,Navsari,490,5000,10000,7000
2023-07-05,Tomato,78,Gujarat,24,Navsari,490,5000,10000,7000
2023-07-03,Tomato,78,Gujarat,24,Navsari,490,5000,8000,6000
2023-07-01,Tomato,78,Gujarat,24,Navsari,490,4000,6000,5000
2023-06-30,Tomato,78,Gujarat,24,Navsari,490,4000,7000,5500
2023-06-29,Tomato,78,Gujarat,24,Navsari,490,3500,6500,5000
2023-06-28,Tomato,78,Gujarat,24,Navsari,490,4000,7000,5000
2023-06-27,Tomato,78,Gujarat,24,Navsari,490,4000,7000,5000
2023-06-23,Tomato,78,Gujarat,24,Navsari,490,2500,4500,3500
2023-06-21,Tomato,78,Gujarat,24,Navsari,490,2500,5000,3500
2023-06-19,Tomato,78,Gujarat,24,Navsari,490,2500,4000,3000
2023-06-16,Tomato,78,Gujarat,24,Navsari,490,1000,3000,2500
2023-06-10,Tomato,78,Gujarat,24,Navsari,490,1000,1600,1200
2023-06-09,Tomato,78,Gujarat,24,Navsari,490,1000,1600,1200
2023-06-06,Tomato,78,Gujarat,24,Navsari,490,1000,1400,1200
2023-06-05,Tomato,78,Gujarat,24,Navsari,490,1000,1600,1200
2023-06-03,Tomato,78,Gujarat,24,Navsari,490,600,1200,800
2023-05-31,Tomato,78,Gujarat,24,Navsari,490,500,800,600
2023-05-29,Tomato,78,Gujarat,24,Navsari,490,500,800,600
2023-05-26,Tomato,78,Gujarat,24,Navsari,490,400,800,500
2023-05-24,Tomato,78,Gujarat,24,Navsari,490,400,800,500
2023-05-23,Tomato,78,Gujarat,24,Navsari,490,500,800,600
2023-05-22,Tomato,78,Gujarat,24,Navsari,490,600,1000,700
2023-05-20,Tomato,78,Gujarat,24,Navsari,490,400,700,500
2023-05-19,Tomato,78,Gujarat,24,Navsari,490,400,800,500
2023-05-18,Tomato,78,Gujarat,24,Navsari,490,400,800,500
2023-05-16,Tomato,78,Gujarat,24,Navsari,490,500,1000,600
2023-05-13,Tomato,78,Gujarat,24,Navsari,490,500,900,600
2023-05-12,Tomato,78,Gujarat,24,Navsari,490,500,1000,600
2023-05-11,Tomato,78,Gujarat,24,Navsari,490,500,800,600
2023-05-10,Tomato,78,Gujarat,24,Navsari,490,500,800,600
2023-05-09,Tomato,78,Gujarat,24,Navsari,490,500,800,600
2023-05-08,Tomato,78,Gujarat,24,Navsari,490,500,800,600
2023-05-06,Tomato,78,Gujarat,24,Navsari,490,500,800,600
2023-05-05,Tomato,78,Gujarat,24,Navsari,490,500,800,600
2023-05-04,Tomato,78,Gujarat,24,Navsari,490,400,800,500
2023-05-03,Tomato,78,Gujarat,24,Navsari,490,500,900,600
2023-02-21,Tomato,78,Gujarat,24,Navsari,490,1000,1600,1300
2023-02-20,Tomato,78,Gujarat,24,Navsari,490,1000,1600,1300
2023-01-09,Tomato,78,Gujarat,24,Navsari,490,500,1200,800
2022-12-30,Tomato,78,Gujarat,24,Navsari,490,800,1000,900
2022-12-16,Tomato,78,Gujarat,24,Navsari,490,400,800,500
2022-12-12,Tomato,78,Gujarat,24,Navsari,490,250,500,400
2022-12-10,Tomato,78,Gujarat,24,Navsari,490,400,800,500
2022-12-06,Tomato,78,Gujarat,24,Navsari,490,600,1000,800
2022-12-05,Tomato,78,Gujarat,24,Navsari,490,500,1200,900
2022-11-30,Tomato,78,Gujarat,24,Navsari,490,500,1100,700
2022-11-28,Tomato,78,Gujarat,24,Navsari,490,500,1100,700
2022-11-26,Tomato,78,Gujarat,24,Navsari,490,500,1300,800
2022-11-23,Tomato,78,Gujarat,24,Navsari,490,500,800,600
2022-11-07,Tomato,78,Gujarat,24,Navsari,490,1000,2000,1200
2022-10-01,Tomato,78,Gujarat,24,Navsari,490,1250,3000,1800
2022-09-01,Tomato,78,Gujarat,24,Navsari,490,1000,2000,1200
2022-08-30,Tomato,78,Gujarat,24,Navsari,490,500,1500,800
2022-08-29,Tomato,78,Gujarat,24,Navsari,490,500,1250,700
2022-08-17,Tomato,78,Gujarat,24,Navsari,490,500,2000,1000
2022-08-16,Tomato,78,Gujarat,24,Navsari,490,750,2000,1200
2022-08-05,Tomato,78,Gujarat,24,Navsari,490,500,1500,1000
2022-08-04,Tomato,78,Gujarat,24,Navsari,490,750,1750,1200
2022-08-03,Tomato,78,Gujarat,24,Navsari,490,1000,2000,1200
2022-08-02,Tomato,78,Gujarat,24,Navsari,490,750,1750,1000
2022-08-01,Tomato,78,Gujarat,24,Navsari,490,750,1750,1000
2022-07-31,Tomato,78,Gujarat,24,Navsari,490,750,1750,1000
2022-07-30,Tomato,78,Gujarat,24,Navsari,490,500,1500,1000
2022-07-29,Tomato,78,Gujarat,24,Navsari,490,500,1600,1200
2022-07-28,Tomato,78,Gujarat,24,Navsari,490,500,2000,1200
2022-07-27,Tomato,78,Gujarat,24,Navsari,490,500,1600,1200
2022-07-26,Tomato,78,Gujarat,24,Navsari,490,1000,2000,1500
2022-07-25,Tomato,78,Gujarat,24,Navsari,490,1000,2000,1500
2022-07-24,Tomato,78,Gujarat,24,Navsari,490,1000,2000,1500
2022-07-23,Tomato,78,Gujarat,24,Navsari,490,1000,2750,1800
2022-07-22,Tomato,78,Gujarat,24,Navsari,490,1000,2500,1800
2022-07-21,Tomato,78,Gujarat,24,Navsari,490,1000,2500,1800
2022-07-20,Tomato,78,Gujarat,24,Navsari,490,1000,2500,1800
2022-07-19,Tomato,78,Gujarat,24,Navsari,490,1000,3000,2000
2022-07-18,Tomato,78,Gujarat,24,Navsari,490,1500,3000,2250
2022-07-17,Tomato,78,Gujarat,24,Navsari,490,1500,3000,2250
2022-07-16,Tomato,78,Gujarat,24,Navsari,490,1500,3500,2500
2022-07-06,Tomato,78,Gujarat,24,Navsari,490,2000,3500,3000
2022-07-05,Tomato,78,Gujarat,24,Navsari,490,1000,2500,2000
2022-07-04,Tomato,78,Gujarat,24,Navsari,490,1000,2500,2000
2022-07-03,Tomato,78,Gujarat,24,Navsari,490,1000,2500,2000
2022-06-23,Tomato,78,Gujarat,24,Navsari,490,4000,6000,5000
2022-06-22,Tomato,78,Gujarat,24,Navsari,490,4000,6000,5000
2022-06-21,Tomato,78,Gujarat,24,Navsari,490,4000,6000,5000
2022-06-20,Tomato,78,Gujarat,24,Navsari,490,3000,5000,4000
2022-06-19,Tomato,78,Gujarat,24,Navsari,490,3000,5000,4000
2022-06-18,Tomato,78,Gujarat,24,Navsari,490,3000,5000,4000
2022-06-17,Tomato,78,Gujarat,24,Navsari,490,3000,5000,4000
2022-06-16,Tomato,78,Gujarat,24,Navsari,490,3000,5000,4000
2022-06-14,Tomato,78,Gujarat,24,Navsari,490,3000,5000,4000
2022-06-13,Tomato,78,Gujarat,24,Navsari,490,3000,5000,4000
2022-06-12,Tomato,78,Gujarat,24,Navsari,490,3000,5000,4000
2022-06-11,Tomato,78,Gujarat,24,Navsari,490,4000,5500,4800
2022-06-10,Tomato,78,Gujarat,24,Navsari,490,4000,5500,4800
2022-06-09,Tomato,78,Gujarat,24,Navsari,490,4000,5500,4800
2022-06-08,Tomato,78,Gujarat,24,Navsari,490,4000,5500,4800
2022-06-07,Tomato,78,Gujarat,24,Navsari,490,4000,6000,5000
2022-06-06,Tomato,78,Gujarat,24,Navsari,490,5000,6500,5500
2022-06-05,Tomato,78,Gujarat,24,Navsari,490,5000,6500,5500
2022-06-04,Tomato,78,Gujarat,24,Navsari,490,3000,5500,4800
2022-06-03,Tomato,78,Gujarat,24,Navsari,490,3000,5500,4800
2022-05-31,Tomato,78,Gujarat,24,Navsari,490,3000,5500,4800
2022-05-30,Tomato,78,Gujarat,24,Navsari,490,3000,5500,4800
2022-05-29,Tomato,78,Gujarat,24,Navsari,490,3000,5500,4800
2022-05-28,Tomato,78,Gujarat,24,Navsari,490,3000,5500,4800
2022-05-27,Tomato,78,Gujarat,24,Navsari,490,3000,5500,4800
2022-05-24,Tomato,78,Gujarat,24,Navsari,490,3000,5000,4000
2022-05-23,Tomato,78,Gujarat,24,Navsari,490,4000,6000,5000
2022-05-22,Tomato,78,Gujarat,24,Navsari,490,3000,5000,4000
2022-05-21,Tomato,78,Gujarat,24,Navsari,490,3000,5000,4000
2022-05-19,Tomato,78,Gujarat,24,Navsari,490,2000,4000,3000
2022-05-18,Tomato,78,Gujarat,24,Navsari,490,2000,4000,3000
2022-05-17,Tomato,78,Gujarat,24,Navsari,490,1250,3500,2500
2022-05-16,Tomato,78,Gujarat,24,Navsari,490,1750,3750,2750
2022-05-14,Tomato,78,Gujarat,24,Navsari,490,2000,3500,2500
2022-05-13,Tomato,78,Gujarat,24,Navsari,490,1750,3750,2750
2022-05-12,Tomato,78,Gujarat,24,Navsari,490,2000,3500,2800
2022-05-11,Tomato,78,Gujarat,24,Navsari,490,2000,4000,3000
2022-05-10,Tomato,78,Gujarat,24,Navsari,490,1500,3250,2500
2022-05-09,Tomato,78,Gujarat,24,Navsari,490,2000,3500,2800
2022-05-08,Tomato,78,Gujarat,24,Navsari,490,2000,3500,2800
2022-05-07,Tomato,78,Gujarat,24,Navsari,490,2000,4000,3000
2022-05-06,Tomato,78,Gujarat,24,Navsari,490,2000,4000,3000
2022-05-05,Tomato,78,Gujarat,24,Navsari,490,2000,4000,3000
2022-05-04,Tomato,78,Gujarat,24,Navsari,490,2000,4000,3000
2022-05-03,Tomato,78,Gujarat,24,Navsari,490,2000,4000,3000
2022-05-02,Tomato,78,Gujarat,24,Navsari,490,1500,3250,2500
2022-05-01,Tomato,78,Gujarat,24,Navsari,490,1500,3250,2500
2022-04-30,Tomato,78,Gujarat,24,Navsari,490,1000,2500,1800
2022-04-29,Tomato,78,Gujarat,24,Navsari,490,1250,2250,1500
2022-04-28,Tomato,78,Gujarat,24,Navsari,490,600,1500,1000
2022-04-27,Tomato,78,Gujarat,24,Navsari,490,600,1500,1000
2022-04-26,Tomato,78,Gujarat,24,Navsari,490,750,1750,1200
2022-04-25,Tomato,78,Gujarat,24,Navsari,490,750,1750,1200
2022-04-24,Tomato,78,Gujarat,24,Navsari,490,750,1750,1200
2022-04-23,Tomato,78,Gujarat,24,Navsari,490,750,1750,1200
2022-04-11,Tomato,78,Gujarat,24,Navsari,490,1000,1750,1400
2022-04-10,Tomato,78,Gujarat,24,Navsari,490,1000,1750,1400
2022-04-09,Tomato,78,Gujarat,24,Navsari,490,1000,2000,1500
2022-04-08,Tomato,78,Gujarat,24,Navsari,490,1000,2000,1500
2022-04-07,Tomato,78,Gujarat,24,Navsari,490,1000,2000,1500
2022-04-06,Tomato,78,Gujarat,24,Navsari,490,1000,2000,1500
2022-04-05,Tomato,78,Gujarat,24,Navsari,490,1000,2000,1500
2022-04-04,Tomato,78,Gujarat,24,Navsari,490,1000,2000,1500
2022-04-03,Tomato,78,Gujarat,24,Navsari,490,1000,1900,1500
2022-04-02,Tomato,78,Gujarat,24,Navsari,490,1000,1900,1500
2022-04-01,Tomato,78,Gujarat,24,Navsari,490,1000,1800,1400
2022-03-31,Tomato,78,Gujarat,24,Navsari,490,750,1600,1200
2022-03-30,Tomato,78,Gujarat,24,Navsari,490,750,1600,1200
2022-03-29,Tomato,78,Gujarat,24,Navsari,490,750,1400,1000
2022-03-28,Tomato,78,Gujarat,24,Navsari,490,500,1250,800
2022-03-27,Tomato,78,Gujarat,24,Navsari,490,500,1250,800
2022-03-26,Tomato,78,Gujarat,24,Navsari,490,500,1250,800
2022-03-25,Tomato,78,Gujarat,24,Navsari,490,500,1250,800
2022-03-24,Tomato,78,Gujarat,24,Navsari,490,500,1250,800
2022-03-23,Tomato,78,Gujarat,24,Navsari,490,500,1250,800
2022-03-22,Tomato,78,Gujarat,24,Navsari,490,500,1250,800
2022-03-21,Tomato,78,Gujarat,24,Navsari,490,500,1250,800
2022-03-20,Tomato,78,Gujarat,24,Navsari,490,500,1250,800
2022-03-19,Tomato,78,Gujarat,24,Navsari,490,900,1800,1300
2022-03-18,Tomato,78,Gujarat,24,Navsari,490,900,1800,1300
2022-03-17,Tomato,78,Gujarat,24,Navsari,490,900,1800,1300
2022-03-16,Tomato,78,Gujarat,24,Navsari,490,900,1800,1300
2022-03-14,Tomato,78,Gujarat,24,Navsari,490,500,1400,1000
2022-03-13,Tomato,78,Gujarat,24,Navsari,490,500,1400,1000
2022-03-12,Tomato,78,Gujarat,24,Navsari,490,500,1400,1000
2022-03-11,Tomato,78,Gujarat,24,Navsari,490,500,1400,1000
2022-03-10,Tomato,78,Gujarat,24,Navsari,490,500,1400,1000
2022-03-09,Tomato,78,Gujarat,24,Navsari,490,500,1400,1000
2022-03-08,Tomato,78,Gujarat,24,Navsari,490,600,1500,1000
2022-03-07,Tomato,78,Gujarat,24,Navsari,490,600,1500,1000
2022-03-06,Tomato,78,Gujarat,24,Navsari,490,600,1600,1200
2022-03-05,Tomato,78,Gujarat,24,Navsari,490,600,1600,1200
2022-03-04,Tomato,78,Gujarat,24,Navsari,490,750,1500,1200
2022-03-03,Tomato,78,Gujarat,24,Navsari,490,750,1500,1200
2022-03-02,Tomato,78,Gujarat,24,Navsari,490,1000,1750,1300
2022-03-01,Tomato,78,Gujarat,24,Navsari,490,1000,1750,1300
2022-02-28,Tomato,78,Gujarat,24,Navsari,490,1000,1750,1300
2022-02-27,Tomato,78,Gujarat,24,Navsari,490,1000,1750,1300
2022-02-26,Tomato,78,Gujarat,24,Navsari,490,750,1800,1300
2022-02-25,Tomato,78,Gujarat,24,Navsari,490,750,1800,1300
2022-02-24,Tomato,78,Gujarat,24,Navsari,490,750,1800,1300
2022-02-23,Tomato,78,Gujarat,24,Navsari,490,750,1750,1300
2022-02-22,Tomato,78,Gujarat,24,Navsari,490,750,1750,1300
2022-02-21,Tomato,78,Gujarat,24,Navsari,490,600,1600,1200
2022-02-20,Tomato,78,Gujarat,24,Navsari,490,600,1600,1200
2022-02-19,Tomato,78,Gujarat,24,Navsari,490,1000,2000,1500
2022-02-18,Tomato,78,Gujarat,24,Navsari,490,1000,2000,1500
2022-02-17,Tomato,78,Gujarat,24,Navsari,490,1000,2000,1500
2022-02-16,Tomato,78,Gujarat,24,Navsari,490,750,1750,1500
2022-02-14,Tomato,78,Gujarat,24,Navsari,490,750,1750,1500
2022-02-13,Tomato,78,Gujarat,24,Navsari,490,1000,2250,1600
2022-02-12,Tomato,78,Gujarat,24,Navsari,490,1000,2250,1600
2022-02-11,Tomato,78,Gujarat,24,Navsari,490,1000,2250,1800
2022-02-10,Tomato,78,Gujarat,24,Navsari,490,1000,2750,2000
2022-02-09,Tomato,78,Gujarat,24,Navsari,490,1000,2750,2000
2022-02-08,Tomato,78,Gujarat,24,Navsari,490,1250,2750,2200
2022-02-07,Tomato,78,Gujarat,24,Navsari,490,1250,2750,2200
2022-02-06,Tomato,78,Gujarat,24,Navsari,490,1250,2750,2200
2022-02-05,Tomato,78,Gujarat,24,Navsari,490,1500,3000,2500
2022-02-04,Tomato,78,Gujarat,24,Navsari,490,1500,3000,2500
2022-02-03,Tomato,78,Gujarat,24,Navsari,490,1500,2750,2200
2022-02-02,Tomato,78,Gujarat,24,Navsari,490,1500,2750,2200
2022-02-01,Tomato,78,Gujarat,24,Navsari,490,1250,2250,1800
2022-01-31,Tomato,78,Gujarat,24,Navsari,490,1000,2000,1500
2022-01-30,Tomato,78,Gujarat,24,Navsari,490,1000,2000,1500
2022-01-29,Tomato,78,Gujarat,24,Navsari,490,750,1800,1400
2022-01-28,Tomato,78,Gujarat,24,Navsari,490,750,2000,1500
2022-01-27,Tomato,78,Gujarat,24,Navsari,490,750,2000,1500
2022-01-26,Tomato,78,Gujarat,24,Navsari,490,750,2000,1500
2022-01-25,Tomato,78,Gujarat,24,Navsari,490,1000,2250,1600
2022-01-24,Tomato,78,Gujarat,24,Navsari,490,1000,2250,1600
2022-01-23,Tomato,78,Gujarat,24,Navsari,490,1000,2250,1600
2022-01-22,Tomato,78,Gujarat,24,Navsari,490,1000,2000,1500
2022-01-21,Tomato,78,Gujarat,24,Navsari,490,1000,2000,1500
2022-01-20,Tomato,78,Gujarat,24,Navsari,490,750,2000,1600
2022-01-19,Tomato,78,Gujarat,24,Navsari,490,750,1750,1500
2022-01-18,Tomato,78,Gujarat,24,Navsari,490,1000,2000,1500
2022-01-17,Tomato,78,Gujarat,24,Navsari,490,1000,2250,1400
2022-01-16,Tomato,78,Gujarat,24,Navsari,490,1000,2250,1400
2022-01-14,Tomato,78,Gujarat,24,Navsari,490,1000,2250,1400
2022-01-13,Tomato,78,Gujarat,24,Navsari,490,750,2000,1200
2022-01-12,Tomato,78,Gujarat,24,Navsari,490,500,2000,1200
2022-01-11,Tomato,78,Gujarat,24,Navsari,490,500,1750,1200
2022-01-10,Tomato,78,Gujarat,24,Navsari,490,750,1500,1300
2022-01-09,Tomato,78,Gujarat,24,Navsari,490,750,1500,1300
2022-01-08,Tomato,78,Gujarat,24,Navsari,490,750,1750,1200
2022-01-07,Tomato,78,Gujarat,24,Navsari,490,750,1750,1200
2022-01-06,Tomato,78,Gujarat,24,Navsari,490,1000,2000,1500
2022-01-05,Tomato,78,Gujarat,24,Navsari,490,1000,2000,1500
2022-01-03,Tomato,78,Gujarat,24,Navsari,490,1250,2250,2000
2022-01-02,Tomato,78,Gujarat,24,Navsari,490,1250,2250,2000
2022-01-01,Tomato,78,Gujarat,24,Navsari,490,1500,3000,2500
2021-12-30,Tomato,78,Gujarat,24,Navsari,490,1500,3000,2500
2021-12-29,Tomato,78,Gujarat,24,Navsari,490,1750,4250,3200
2021-12-28,Tomato,78,Gujarat,24,Navsari,490,1500,4000,3000
2021-12-27,Tomato,78,Gujarat,24,Navsari,490,1500,3250,2500
2021-12-26,Tomato,78,Gujarat,24,Navsari,490,1500,3250,2500
2021-12-25,Tomato,78,Gujarat,24,Navsari,490,1500,3000,2400
2021-12-24,Tomato,78,Gujarat,24,Navsari,490,1500,3000,2400
2021-12-23,Tomato,78,Gujarat,24,Navsari,490,1000,2750,2200
2021-12-22,Tomato,78,Gujarat,24,Navsari,490,1000,2750,2200
2021-12-21,Tomato,78,Gujarat,24,Navsari,490,1000,2750,2200
2021-12-20,Tomato,78,Gujarat,24,Navsari,490,1000,2750,2400
2021-12-19,Tomato,78,Gujarat,24,Navsari,490,1000,2750,2400
2021-12-18,Tomato,78,Gujarat,24,Navsari,490,1000,2750,2400
2021-12-17,Tomato,78,Gujarat,24,Navsari,490,1500,3000,2400
2021-12-16,Tomato,78,Gujarat,24,Navsari,490,1500,3000,2400
2021-12-14,Tomato,78,Gujarat,24,Navsari,490,2000,3500,3000
2021-12-13,Tomato,78,Gujarat,24,Navsari,490,2000,3500,3000
2021-12-12,Tomato,78,Gujarat,24,Navsari,490,2000,3500,3000
2021-12-11,Tomato,78,Gujarat,24,Navsari,490,2000,3500,3000
2021-12-10,Tomato,78,Gujarat,24,Navsari,490,2500,4000,3500
2021-12-09,Tomato,78,Gujarat,24,Navsari,490,2500,5000,4000
2021-12-08,Tomato,78,Gujarat,24,Navsari,490,3500,5500,4200
2021-12-07,Tomato,78,Gujarat,24,Navsari,490,3500,5500,4200
2021-12-06,Tomato,78,Gujarat,24,Navsari,490,3000,5000,4000
2021-12-04,Tomato,78,Gujarat,24,Navsari,490,3000,5500,4500
2021-11-30,Tomato,78,Gujarat,24,Navsari,490,2000,4000,3200
2021-11-29,Tomato,78,Gujarat,24,Navsari,490,2000,4000,3200
2021-11-28,Tomato,78,Gujarat,24,Navsari,490,2000,4000,3200
2021-11-27,Tomato,78,Gujarat,24,Navsari,490,2000,4000,3200
2021-11-26,Tomato,78,Gujarat,24,Navsari,490,2500,4000,3500
2021-11-25,Tomato,78,Gujarat,24,Navsari,490,2000,4500,3800
2021-11-24,Tomato,78,Gujarat,24,Navsari,490,2500,5500,4000
2021-11-23,Tomato,78,Gujarat,24,Navsari,490,2500,5500,4000
2021-11-22,Tomato,78,Gujarat,24,Navsari,490,2000,6000,4000
2021-11-21,Tomato,78,Gujarat,24,Navsari,490,2500,5000,3500
2021-11-20,Tomato,78,Gujarat,24,Navsari,490,2500,5000,3500
2021-11-19,Tomato,78,Gujarat,24,Navsari,490,2500,5000,3500
2021-11-18,Tomato,78,Gujarat,24,Navsari,490,2000,5500,3800
2021-11-17,Tomato,78,Gujarat,24,Navsari,490,2500,5000,3500
2021-11-16,Tomato,78,Gujarat,24,Navsari,490,2500,5500,4000
2021-11-14,Tomato,78,Gujarat,24,Navsari,490,2000,4500,3500
2021-11-13,Tomato,78,Gujarat,24,Navsari,490,2000,4500,3500
2021-11-12,Tomato,78,Gujarat,24,Navsari,490,2500,4250,3500
2021-11-11,Tomato,78,Gujarat,24,Navsari,490,2500,5000,3500
2021-11-10,Tomato,78,Gujarat,24,Navsari,490,2000,4500,3000
2021-11-09,Tomato,78,Gujarat,24,Navsari,490,2000,4000,3000
2021-11-08,Tomato,78,Gujarat,24,Navsari,490,2000,4250,3000
2021-11-07,Tomato,78,Gujarat,24,Navsari,490,2000,4500,3000
2021-11-06,Tomato,78,Gujarat,24,Navsari,490,2000,4500,3000
2021-11-05,Tomato,78,Gujarat,24,Navsari,490,2000,4500,3000
2021-11-03,Tomato,78,Gujarat,24,Navsari,490,2000,4500,3000
2021-10-31,Tomato,78,Gujarat,24,Navsari,490,2000,4000,3000
2021-10-30,Tomato,78,Gujarat,24,Navsari,490,1500,3500,3000
2021-10-29,Tomato,78,Gujarat,24,Navsari,490,1500,4000,3000
2021-10-28,Tomato,78,Gujarat,24,Navsari,490,2000,4500,3000
2021-10-27,Tomato,78,Gujarat,24,Navsari,490,2000,5000,3500
2021-10-26,Tomato,78,Gujarat,24,Navsari,490,2000,5000,3500
2021-10-25,Tomato,78,Gujarat,24,Navsari,490,1500,4250,3500
2021-10-24,Tomato,78,Gujarat,24,Navsari,490,1500,4250,3500
2021-10-23,Tomato,78,Gujarat,24,Navsari,490,2000,4500,3500
2021-10-22,Tomato,78,Gujarat,24,Navsari,490,2000,5000,3500
2021-10-21,Tomato,78,Gujarat,24,Navsari,490,2000,5000,3500
2021-10-20,Tomato,78,Gujarat,24,Navsari,490,2000,5000,3500
2021-10-19,Tomato,78,Gujarat,24,Navsari,490,2000,4750,3750
2021-10-18,Tomato,78,Gujarat,24,Navsari,490,2000,5000,4000
2021-10-17,Tomato,78,Gujarat,24,Navsari,490,2000,5000,4000
2021-10-16,Tomato,78,Gujarat,24,Navsari,490,2000,4750,3500
2021-10-14,Tomato,78,Gujarat,24,Navsari,490,2000,4750,3500
2021-10-13,Tomato,78,Gujarat,24,Navsari,490,2000,4750,3600
2021-10-12,Tomato,78,Gujarat,24,Navsari,490,2000,4500,3500
2021-10-11,Tomato,78,Gujarat,24,Navsari,490,2000,4500,3500
2020-03-28,Tomato,78,Gujarat,24,Navsari,490,500,1000,750
2020-03-27,Tomato,78,Gujarat,24,Navsari,490,750,1500,1125
2020-03-26,Tomato,78,Gujarat,24,Navsari,490,1250,1750,1500
2020-03-25,Tomato,78,Gujarat,24,Navsari,490,1500,2000,1750
2020-03-24,Tomato,78,Gujarat,24,Navsari,490,700,1000,850
2020-03-23,Tomato,78,Gujarat,24,Navsari,490,500,1000,750
2020-03-21,Tomato,78,Gujarat,24,Navsari,490,250,1000,625
2020-03-20,Tomato,78,Gujarat,24,Navsari,490,500,1100,800
2020-03-19,Tomato,78,Gujarat,24,Navsari,490,350,800,575
2020-03-18,Tomato,78,Gujarat,24,Navsari,490,300,600,450
2020-03-17,Tomato,78,Gujarat,24,Navsari,490,300,600,450
2020-03-16,Tomato,78,Gujarat,24,Navsari,490,250,600,425
2020-03-14,Tomato,78,Gujarat,24,Navsari,490,250,600,425
2020-03-13,Tomato,78,Gujarat,24,Navsari,490,250,650,450
2020-03-12,Tomato,78,Gujarat,24,Navsari,490,250,700,475
2020-03-11,Tomato,78,Gujarat,24,Navsari,490,250,700,475
2020-03-10,Tomato,78,Gujarat,24,Navsari,490,250,700,475
2020-03-09,Tomato,78,Gujarat,24,Navsari,490,150,650,400
2020-03-08,Tomato,78,Gujarat,24,Navsari,490,300,700,500
2020-03-07,Tomato,78,Gujarat,24,Navsari,490,300,700,500
2020-03-06,Tomato,78,Gujarat,24,Navsari,490,250,700,475
2020-03-05,Tomato,78,Gujarat,24,Navsari,490,200,800,500
2020-03-04,Tomato,78,Gujarat,24,Navsari,490,250,800,525
2020-03-03,Tomato,78,Gujarat,24,Navsari,490,250,1000,625
2020-02-29,Tomato,78,Gujarat,24,Navsari,490,250,800,525
2020-02-28,Tomato,78,Gujarat,24,Navsari,490,250,800,525
2020-02-27,Tomato,78,Gujarat,24,Navsari,490,350,900,625
2020-02-26,Tomato,78,Gujarat,24,Navsari,490,350,1000,675
2020-02-24,Tomato,78,Gujarat,24,Navsari,490,400,1000,700
2020-02-23,Tomato,78,Gujarat,24,Navsari,490,400,1000,700
2020-02-22,Tomato,78,Gujarat,24,Navsari,490,300,900,600
2020-02-21,Tomato,78,Gujarat,24,Navsari,490,350,750,550
2020-02-20,Tomato,78,Gujarat,24,Navsari,490,300,900,600
2020-02-19,Tomato,78,Gujarat,24,Navsari,490,250,1000,625
2020-02-18,Tomato,78,Gujarat,24,Navsari,490,250,1000,625
2020-02-17,Tomato,78,Gujarat,24,Navsari,490,400,900,650
2020-02-16,Tomato,78,Gujarat,24,Navsari,490,400,900,650
2020-02-14,Tomato,78,Gujarat,24,Navsari,490,400,1000,700
2020-02-13,Tomato,78,Gujarat,24,Navsari,490,400,1000,700
2020-02-12,Tomato,78,Gujarat,24,Navsari,490,250,1100,675
2020-02-11,Tomato,78,Gujarat,24,Navsari,490,350,1000,675
2020-02-10,Tomato,78,Gujarat,24,Navsari,490,250,1000,625
2020-02-09,Tomato,78,Gujarat,24,Navsari,490,250,1000,625
2020-02-08,Tomato,78,Gujarat,24,Navsari,490,250,1000,625
2020-02-07,Tomato,78,Gujarat,24,Navsari,490,250,1000,625
2020-02-06,Tomato,78,Gujarat,24,Navsari,490,400,1100,750
2020-02-05,Tomato,78,Gujarat,24,Navsari,490,500,1100,800
2020-02-04,Tomato,78,Gujarat,24,Navsari,490,400,1000,700
2020-02-03,Tomato,78,Gujarat,24,Navsari,490,500,1250,875
2020-01-31,Tomato,78,Gujarat,24,Navsari,490,400,1100,750
2020-01-30,Tomato,78,Gujarat,24,Navsari,490,400,1200,800
2020-01-29,Tomato,78,Gujarat,24,Navsari,490,400,1200,800
2020-01-28,Tomato,78,Gujarat,24,Navsari,490,400,1200,800
2020-01-27,Tomato,78,Gujarat,24,Navsari,490,400,1500,950
2020-01-26,Tomato,78,Gujarat,24,Navsari,490,400,1500,950
2020-01-25,Tomato,78,Gujarat,24,Navsari,490,400,1500,950
2020-01-24,Tomato,78,Gujarat,24,Navsari,490,350,1500,925
2020-01-23,Tomato,78,Gujarat,24,Navsari,490,400,1500,950
2020-01-22,Tomato,78,Gujarat,24,Navsari,490,400,1500,950
2020-01-21,Tomato,78,Gujarat,24,Navsari,490,500,1300,900
2020-01-20,Tomato,78,Gujarat,24,Navsari,490,500,1300,900
2020-01-18,Tomato,78,Gujarat,24,Navsari,490,400,1500,950
2020-01-17,Tomato,78,Gujarat,24,Navsari,490,500,1750,1125
2020-01-16,Tomato,78,Gujarat,24,Navsari,490,500,2000,1250
2020-01-14,Tomato,78,Gujarat,24,Navsari,490,500,1500,1000
2020-01-13,Tomato,78,Gujarat,24,Navsari,490,700,1750,1225
2020-01-12,Tomato,78,Gujarat,24,Navsari,490,700,1750,1225
2020-01-11,Tomato,78,Gujarat,24,Navsari,490,600,1750,1175
2020-01-10,Tomato,78,Gujarat,24,Navsari,490,750,2000,1375
2020-01-09,Tomato,78,Gujarat,24,Navsari,490,900,1750,1325
2020-01-08,Tomato,78,Gujarat,24,Navsari,490,750,2000,1375
2020-01-07,Tomato,78,Gujarat,24,Navsari,490,500,2000,1250
2020-01-06,Tomato,78,Gujarat,24,Navsari,490,500,2000,1250
2020-01-05,Tomato,78,Gujarat,24,Navsari,490,500,2000,1250
2020-01-04,Tomato,78,Gujarat,24,Navsari,490,500,1900,1200
2020-01-03,Tomato,78,Gujarat,24,Navsari,490,500,2000,1250
2020-01-02,Tomato,78,Gujarat,24,Navsari,490,500,1750,1125
2019-12-31,Tomato,78,Gujarat,24,Navsari,490,400,1500,950
2019-12-30,Tomato,78,Gujarat,24,Navsari,490,350,1250,800
2019-12-29,Tomato,78,Gujarat,24,Navsari,490,250,1000,625
2019-12-28,Tomato,78,Gujarat,24,Navsari,490,350,1500,925
2019-12-27,Tomato,78,Gujarat,24,Navsari,490,350,1000,675
2019-12-26,Tomato,78,Gujarat,24,Navsari,490,250,1000,625
2019-12-25,Tomato,78,Gujarat,24,Navsari,490,300,1300,800
2019-12-24,Tomato,78,Gujarat,24,Navsari,490,350,1400,875
2019-12-23,Tomato,78,Gujarat,24,Navsari,490,350,1400,875
2019-12-22,Tomato,78,Gujarat,24,Navsari,490,350,1400,875
2019-12-21,Tomato,78,Gujarat,24,Navsari,490,400,1200,800
2019-12-20,Tomato,78,Gujarat,24,Navsari,490,300,1500,900
2019-12-19,Tomato,78,Gujarat,24,Navsari,490,400,1400,900
2019-12-18,Tomato,78,Gujarat,24,Navsari,490,350,1200,775
2019-12-17,Tomato,78,Gujarat,24,Navsari,490,400,1300,850
2019-12-16,Tomato,78,Gujarat,24,Navsari,490,400,1250,825
2019-12-14,Tomato,78,Gujarat,24,Navsari,490,350,1250,800
2019-12-13,Tomato,78,Gujarat,24,Navsari,490,400,1200,800
2019-12-12,Tomato,78,Gujarat,24,Navsari,490,300,1200,750
2019-12-11,Tomato,78,Gujarat,24,Navsari,490,400,1250,825
2019-12-10,Tomato,78,Gujarat,24,Navsari,490,300,1100,700
2019-12-09,Tomato,78,Gujarat,24,Navsari,490,350,1000,675
2019-12-08,Tomato,78,Gujarat,24,Navsari,490,350,1000,675
2019-12-07,Tomato,78,Gujarat,24,Navsari,490,250,1000,625
2019-12-06,Tomato,78,Gujarat,24,Navsari,490,350,1250,800
2019-12-05,Tomato,78,Gujarat,24,Navsari,490,400,1100,750
2019-12-04,Tomato,78,Gujarat,24,Navsari,490,500,3000,1750
2019-12-03,Tomato,78,Gujarat,24,Navsari,490,400,1300,850
2019-12-02,Tomato,78,Gujarat,24,Navsari,490,400,1500,950
2019-12-01,Tomato,78,Gujarat,24,Navsari,490,400,1500,950
2019-11-30,Tomato,78,Gujarat,24,Navsari,490,400,1300,850
2019-11-29,Tomato,78,Gujarat,24,Navsari,490,500,1500,1000
2019-11-28,Tomato,78,Gujarat,24,Navsari,490,500,1500,1000
2019-11-27,Tomato,78,Gujarat,24,Navsari,490,500,1500,1000
2019-11-26,Tomato,78,Gujarat,24,Navsari,490,500,1500,1000
2019-11-25,Tomato,78,Gujarat,24,Navsari,490,500,1500,1000
2019-11-24,Tomato,78,Gujarat,24,Navsari,490,500,1500,1000
2019-11-23,Tomato,78,Gujarat,24,Navsari,490,500,1500,1000
2019-11-22,Tomato,78,Gujarat,24,Navsari,490,400,1500,950
2019-11-21,Tomato,78,Gujarat,24,Navsari,490,500,1750,1125
2019-11-20,Tomato,78,Gujarat,24,Navsari,490,750,2000,1375
2019-11-19,Tomato,78,Gujarat,24,Navsari,490,500,2000,1250
2019-11-18,Tomato,78,Gujarat,24,Navsari,490,500,2000,1250
2019-11-17,Tomato,78,Gujarat,24,Navsari,490,500,2000,1250
2019-11-16,Tomato,78,Gujarat,24,Navsari,490,500,3000,1750
2019-11-14,Tomato,78,Gujarat,24,Navsari,490,1000,3000,2000
2019-11-13,Tomato,78,Gujarat,24,Navsari,490,1000,3000,2000
2019-11-12,Tomato,78,Gujarat,24,Navsari,490,900,3000,1950
2019-11-11,Tomato,78,Gujarat,24,Navsari,490,1000,3000,2000
2019-11-10,Tomato,78,Gujarat,24,Navsari,490,1000,3000,2000
2019-11-09,Tomato,78,Gujarat,24,Navsari,490,1000,3000,2000
2019-11-08,Tomato,78,Gujarat,24,Navsari,490,1000,3000,2000
2019-11-07,Tomato,78,Gujarat,24,Navsari,490,1000,3000,2000
2019-11-06,Tomato,78,Gujarat,24,Navsari,490,1000,3000,2000
2019-11-05,Tomato,78,Gujarat,24,Navsari,490,1000,3000,2000
2019-11-04,Tomato,78,Gujarat,24,Navsari,490,750,2750,1750
2019-11-03,Tomato,78,Gujarat,24,Navsari,490,1000,2750,1875
2019-11-02,Tomato,78,Gujarat,24,Navsari,490,1000,2750,1875
2019-11-01,Tomato,78,Gujarat,24,Navsari,490,750,3000,1875
2019-10-31,Tomato,78,Gujarat,24,Navsari,490,500,3250,1875
2019-10-30,Tomato,78,Gujarat,24,Navsari,490,1000,3000,2000
2019-10-25,Tomato,78,Gujarat,24,Navsari,490,1000,3500,2250
2019-10-24,Tomato,78,Gujarat,24,Navsari,490,1000,3250,2125
2019-10-23,Tomato,78,Gujarat,24,Navsari,490,1000,3750,2375
2019-10-22,Tomato,78,Gujarat,24,Navsari,490,1000,3500,2250
2019-10-21,Tomato,78,Gujarat,24,Navsari,490,1000,3750,2375
2019-10-20,Tomato,78,Gujarat,24,Navsari,490,1000,3750,2375
2019-10-19,Tomato,78,Gujarat,24,Navsari,490,1000,3000,2000
2019-10-18,Tomato,78,Gujarat,24,Navsari,490,750,3250,2000
2019-10-17,Tomato,78,Gujarat,24,Navsari,490,1000,3250,2125
2019-10-16,Tomato,78,Gujarat,24,Navsari,490,2000,3500,2750
2019-10-14,Tomato,78,Gujarat,24,Navsari,490,1000,3000,2000
2019-10-13,Tomato,78,Gujarat,24,Navsari,490,1000,3500,2250
2019-10-12,Tomato,78,Gujarat,24,Navsari,490,1000,3500,2250
2019-10-11,Tomato,78,Gujarat,24,Navsari,490,1000,4000,2500
2019-10-10,Tomato,78,Gujarat,24,Navsari,490,1000,3500,2250
2019-10-09,Tomato,78,Gujarat,24,Navsari,490,1000,4000,2500
2019-10-08,Tomato,78,Gujarat,24,Navsari,490,1500,3750,2625
2019-10-07,Tomato,78,Gujarat,24,Navsari,490,2000,4500,3250
2019-10-06,Tomato,78,Gujarat,24,Navsari,490,2000,4500,3250
2019-10-05,Tomato,78,Gujarat,24,Navsari,490,1750,3750,2750
2019-10-04,Tomato,78,Gujarat,24,Navsari,490,1500,3000,2250
2019-10-03,Tomato,78,Gujarat,24,Navsari,490,1500,3500,2500
2019-10-02,Tomato,78,Gujarat,24,Navsari,490,1500,3000,2250
2019-10-01,Tomato,78,Gujarat,24,Navsari,490,500,3000,1750
2019-09-30,Tomato,78,Gujarat,24,Navsari,490,400,3250,1825
2019-09-29,Tomato,78,Gujarat,24,Navsari,490,500,2500,1500
2019-09-28,Tomato,78,Gujarat,24,Navsari,490,500,2500,1500
2019-09-27,Tomato,78,Gujarat,24,Navsari,490,500,2750,1625
2019-09-26,Tomato,78,Gujarat,24,Navsari,490,500,3000,1750
2019-09-25,Tomato,78,Gujarat,24,Navsari,490,1000,2500,1750
2019-09-24,Tomato,78,Gujarat,24,Navsari,490,1000,2750,1875
2019-09-23,Tomato,78,Gujarat,24,Navsari,490,500,1750,1125
2019-09-22,Tomato,78,Gujarat,24,Navsari,490,750,1750,1250
2019-09-21,Tomato,78,Gujarat,24,Navsari,490,600,1900,1250
2019-09-20,Tomato,78,Gujarat,24,Navsari,490,500,1750,1125
2019-09-19,Tomato,78,Gujarat,24,Navsari,490,500,1750,1125
2019-09-18,Tomato,78,Gujarat,24,Navsari,490,500,1750,1125
2019-09-17,Tomato,78,Gujarat,24,Navsari,490,500,1500,1000
2019-09-16,Tomato,78,Gujarat,24,Navsari,490,600,1800,1200
2019-09-14,Tomato,78,Gujarat,24,Navsari,490,400,1600,1000
2019-09-13,Tomato,78,Gujarat,24,Navsari,490,400,1750,1075
2019-09-12,Tomato,78,Gujarat,24,Navsari,490,400,1750,1075
2019-09-11,Tomato,78,Gujarat,24,Navsari,490,500,2250,1375
2019-09-10,Tomato,78,Gujarat,24,Navsari,490,500,2000,1250
2019-09-09,Tomato,78,Gujarat,24,Navsari,490,500,2250,1375
2019-09-08,Tomato,78,Gujarat,24,Navsari,490,500,2000,1250
2019-09-07,Tomato,78,Gujarat,24,Navsari,490,500,2250,1375
2019-09-06,Tomato,78,Gujarat,24,Navsari,490,500,2250,1375
2019-09-05,Tomato,78,Gujarat,24,Navsari,490,500,2000,1250
2019-09-04,Tomato,78,Gujarat,24,Navsari,490,500,2000,1250
2019-09-03,Tomato,78,Gujarat,24,Navsari,490,400,2250,1325
2019-09-02,Tomato,78,Gujarat,24,Navsari,490,500,1500,1000
2019-09-01,Tomato,78,Gujarat,24,Navsari,490,350,1500,925
2019-08-31,Tomato,78,Gujarat,24,Navsari,490,400,2250,1325
2019-08-30,Tomato,78,Gujarat,24,Navsari,490,250,2000,1125
2019-08-29,Tomato,78,Gujarat,24,Navsari,490,350,2000,1175
2019-08-28,Tomato,78,Gujarat,24,Navsari,490,500,2100,1300
2019-08-27,Tomato,78,Gujarat,24,Navsari,490,500,2500,1500
2019-08-26,Tomato,78,Gujarat,24,Navsari,490,500,2250,1375
2019-08-24,Tomato,78,Gujarat,24,Navsari,490,500,2250,1375
2019-08-23,Tomato,78,Gujarat,24,Navsari,490,500,2750,1625
2019-08-22,Tomato,78,Gujarat,24,Navsari,490,400,2500,1450
2019-08-21,Tomato,78,Gujarat,24,Navsari,490,400,2250,1325
2019-08-20,Tomato,78,Gujarat,24,Navsari,490,400,2000,1200
2019-08-19,Tomato,78,Gujarat,24,Navsari,490,300,2500,1400
2019-08-18,Tomato,78,Gujarat,24,Navsari,490,500,2000,1250
2019-08-17,Tomato,78,Gujarat,24,Navsari,490,500,2000,1250
2019-08-16,Tomato,78,Gujarat,24,Navsari,490,750,3000,1875
2019-08-14,Tomato,78,Gujarat,24,Navsari,490,750,3000,1875
2019-08-13,Tomato,78,Gujarat,24,Navsari,490,500,3500,2000
2019-08-12,Tomato,78,Gujarat,24,Navsari,490,500,2500,1500
2019-08-11,Tomato,78,Gujarat,24,Navsari,490,500,2500,1500
2019-08-10,Tomato,78,Gujarat,24,Navsari,490,1000,3500,2250
2019-08-09,Tomato,78,Gujarat,24,Navsari,490,1000,4000,2500
2019-08-08,Tomato,78,Gujarat,24,Navsari,490,1000,3500,2250
2019-08-07,Tomato,78,Gujarat,24,Navsari,490,800,5500,2550
2019-08-05,Tomato,78,Gujarat,24,Navsari,490,1000,3500,2250
2019-08-04,Tomato,78,Gujarat,24,Navsari,490,1000,3500,2250
2019-08-03,Tomato,78,Gujarat,24,Navsari,490,1000,3500,2250
2019-08-02,Tomato,78,Gujarat,24,Navsari,490,1000,3500,2250
2019-08-01,Tomato,78,Gujarat,24,Navsari,490,750,4000,2375
2019-07-31,Tomato,78,Gujarat,24,Navsari,490,750,4000,2375
2019-07-30,Tomato,78,Gujarat,24,Navsari,490,1250,4000,2625
2019-07-29,Tomato,78,Gujarat,24,Navsari,490,1500,3500,2500
2019-07-28,Tomato,78,Gujarat,24,Navsari,490,1500,3500,2500
2019-07-27,Tomato,78,Gujarat,24,Navsari,490,1000,3000,2000
2019-07-26,Tomato,78,Gujarat,24,Navsari,490,1500,3500,2500
2019-07-25,Tomato,78,Gujarat,24,Navsari,490,1250,3750,2500
2019-07-24,Tomato,78,Gujarat,24,Navsari,490,2500,4500,3500
2019-07-23,Tomato,78,Gujarat,24,Navsari,490,3500,4000,3750
2019-07-22,Tomato,78,Gujarat,24,Navsari,490,3000,4000,3500
2019-07-21,Tomato,78,Gujarat,24,Navsari,490,2000,4000,3000
2019-07-20,Tomato,78,Gujarat,24,Navsari,490,1500,3750,2625
2019-07-18,Tomato,78,Gujarat,24,Navsari,490,1250,3000,2125
2019-07-17,Tomato,78,Gujarat,24,Navsari,490,1500,3250,2375
2019-07-16,Tomato,78,Gujarat,24,Navsari,490,800,3000,1900
2019-07-14,Tomato,78,Gujarat,24,Navsari,490,700,2500,1600
2019-07-13,Tomato,78,Gujarat,24,Navsari,490,700,2500,1600
2019-07-12,Tomato,78,Gujarat,24,Navsari,490,750,2500,1625
2019-07-11,Tomato,78,Gujarat,24,Navsari,490,1000,2750,1875
2019-07-10,Tomato,78,Gujarat,24,Navsari,490,1000,3250,2125
2019-07-09,Tomato,78,Gujarat,24,Navsari,490,1000,2500,1750
2019-07-08,Tomato,78,Gujarat,24,Navsari,490,750,2000,1375
2019-07-07,Tomato,78,Gujarat,24,Navsari,490,750,2000,1375
2019-07-06,Tomato,78,Gujarat,24,Navsari,490,750,2000,1375
2019-07-05,Tomato,78,Gujarat,24,Navsari,490,1000,2500,1750
2019-07-04,Tomato,78,Gujarat,24,Navsari,490,1000,2500,1750
2019-07-03,Tomato,78,Gujarat,24,Navsari,490,1000,2000,1500
2019-07-01,Tomato,78,Gujarat,24,Navsari,490,750,1500,1125
2019-06-30,Tomato,78,Gujarat,24,Navsari,490,750,1500,1125
2019-06-29,Tomato,78,Gujarat,24,Navsari,490,600,1750,1175
2019-06-28,Tomato,78,Gujarat,24,Navsari,490,750,1750,1250
2019-06-27,Tomato,78,Gujarat,24,Navsari,490,500,1750,1125
2019-06-26,Tomato,78,Gujarat,24,Navsari,490,1000,2000,1500
2019-06-25,Tomato,78,Gujarat,24,Navsari,490,750,2000,1375
2019-06-24,Tomato,78,Gujarat,24,Navsari,490,500,1750,1125
2019-06-23,Tomato,78,Gujarat,24,Navsari,490,500,1750,1125
2019-06-21,Tomato,78,Gujarat,24,Navsari,490,1000,2250,1625
2019-06-20,Tomato,78,Gujarat,24,Navsari,490,1000,2250,1625
2019-06-19,Tomato,78,Gujarat,24,Navsari,490,1000,2500,1750
2019-06-18,Tomato,78,Gujarat,24,Navsari,490,600,2000,1300
2019-06-17,Tomato,78,Gujarat,24,Navsari,490,750,2000,1375
2019-06-16,Tomato,78,Gujarat,24,Navsari,490,750,2000,1375
2019-06-14,Tomato,78,Gujarat,24,Navsari,490,2000,3250,2625
2019-06-13,Tomato,78,Gujarat,24,Navsari,490,2000,3500,2750
2019-06-12,Tomato,78,Gujarat,24,Navsari,490,2500,3750,3125
2019-06-11,Tomato,78,Gujarat,24,Navsari,490,2500,4000,3250
2019-06-10,Tomato,78,Gujarat,24,Navsari,490,2500,4000,3250
2019-06-09,Tomato,78,Gujarat,24,Navsari,490,2000,3000,2500
2019-06-08,Tomato,78,Gujarat,24,Navsari,490,2000,3000,2500
2019-06-07,Tomato,78,Gujarat,24,Navsari,490,2000,3000,2500
2019-06-06,Tomato,78,Gujarat,24,Navsari,490,2000,3500,2750
2019-06-05,Tomato,78,Gujarat,24,Navsari,490,2000,3500,2750
2019-06-04,Tomato,78,Gujarat,24,Navsari,490,2000,3250,2625
2019-06-03,Tomato,78,Gujarat,24,Navsari,490,2000,3250,2625
2019-06-02,Tomato,78,Gujarat,24,Navsari,490,2000,3250,2625
2019-06-01,Tomato,78,Gujarat,24,Navsari,490,2000,3250,2625
2019-05-31,Tomato,78,Gujarat,24,Navsari,490,2000,3250,2625
2019-05-29,Tomato,78,Gujarat,24,Navsari,490,2500,3500,3000
2019-05-28,Tomato,78,Gujarat,24,Navsari,490,2500,3750,3125
2019-05-27,Tomato,78,Gujarat,24,Navsari,490,2000,3500,2750
2019-05-26,Tomato,78,Gujarat,24,Navsari,490,2000,3500,2750
2019-05-25,Tomato,78,Gujarat,24,Navsari,490,2000,3250,2625
2019-05-24,Tomato,78,Gujarat,24,Navsari,490,2000,3250,2625
2019-05-23,Tomato,78,Gujarat,24,Navsari,490,2000,3250,2625
2019-05-22,Tomato,78,Gujarat,24,Navsari,490,1200,3250,2225
2019-05-21,Tomato,78,Gujarat,24,Navsari,490,1200,3250,2225
2019-05-20,Tomato,78,Gujarat,24,Navsari,490,2000,3000,2500
2019-05-19,Tomato,78,Gujarat,24,Navsari,490,1500,2500,2000
2019-05-18,Tomato,78,Gujarat,24,Navsari,490,1250,2500,1875
2019-05-17,Tomato,78,Gujarat,24,Navsari,490,1100,2250,1675
2019-05-16,Tomato,78,Gujarat,24,Navsari,490,2000,2500,2250
2019-05-14,Tomato,78,Gujarat,24,Navsari,490,1750,3000,2375
2019-05-13,Tomato,78,Gujarat,24,Navsari,490,1500,2500,2000
2019-05-12,Tomato,78,Gujarat,24,Navsari,490,750,1500,1125
2019-05-11,Tomato,78,Gujarat,24,Navsari,490,750,1500,1125
2019-05-10,Tomato,78,Gujarat,24,Navsari,490,600,1600,1100
2019-05-09,Tomato,78,Gujarat,24,Navsari,490,750,1800,1275
2019-05-08,Tomato,78,Gujarat,24,Navsari,490,400,1300,850
2019-05-07,Tomato,78,Gujarat,24,Navsari,490,500,1100,800
2019-05-06,Tomato,78,Gujarat,24,Navsari,490,250,1400,825
2019-05-05,Tomato,78,Gujarat,24,Navsari,490,400,1200,800
2019-05-04,Tomato,78,Gujarat,24,Navsari,490,400,1000,700
2019-05-03,Tomato,78,Gujarat,24,Navsari,490,300,1200,750
2019-05-02,Tomato,78,Gujarat,24,Navsari,490,200,1500,850
2019-05-01,Tomato,78,Gujarat,24,Navsari,490,500,1400,950
2019-04-30,Tomato,78,Gujarat,24,Navsari,490,500,1500,1000
2019-04-29,Tomato,78,Gujarat,24,Navsari,490,500,1400,950
2019-04-28,Tomato,78,Gujarat,24,Navsari,490,750,1400,1075
2019-04-27,Tomato,78,Gujarat,24,Navsari,490,750,1300,1025
2019-04-26,Tomato,78,Gujarat,24,Navsari,490,750,1450,1100
2019-04-25,Tomato,78,Gujarat,24,Navsari,490,600,1300,950
2019-04-24,Tomato,78,Gujarat,24,Navsari,490,350,1200,775
2019-04-23,Tomato,78,Gujarat,24,Navsari,490,250,1000,625
2019-04-22,Tomato,78,Gujarat,24,Navsari,490,250,1000,625
2019-04-21,Tomato,78,Gujarat,24,Navsari,490,250,1000,625
2019-04-20,Tomato,78,Gujarat,24,Navsari,490,250,1000,625
2019-04-19,Tomato,78,Gujarat,24,Navsari,490,300,1000,650
2019-04-18,Tomato,78,Gujarat,24,Navsari,490,750,1100,925
2019-04-17,Tomato,78,Gujarat,24,Navsari,490,500,1100,800
2019-04-16,Tomato,78,Gujarat,24,Navsari,490,250,1250,750
2019-04-14,Tomato,78,Gujarat,24,Navsari,490,600,1200,900
2019-04-13,Tomato,78,Gujarat,24,Navsari,490,600,1200,900
2019-04-12,Tomato,78,Gujarat,24,Navsari,490,500,1200,850
2019-04-11,Tomato,78,Gujarat,24,Navsari,490,500,1200,850
2019-04-10,Tomato,78,Gujarat,24,Navsari,490,500,1200,850
2019-04-09,Tomato,78,Gujarat,24,Navsari,490,800,1300,1050
2019-04-08,Tomato,78,Gujarat,24,Navsari,490,500,1200,850
2019-04-07,Tomato,78,Gujarat,24,Navsari,490,1000,1200,1100
2019-04-06,Tomato,78,Gujarat,24,Navsari,490,600,1300,950
2019-04-05,Tomato,78,Gujarat,24,Navsari,490,500,1300,900
2019-04-04,Tomato,78,Gujarat,24,Navsari,490,800,1500,1150
2019-04-03,Tomato,78,Gujarat,24,Navsari,490,400,1500,950
2019-04-02,Tomato,78,Gujarat,24,Navsari,490,500,1500,1000
2019-04-01,Tomato,78,Gujarat,24,Navsari,490,500,1500,1000
2019-03-31,Tomato,78,Gujarat,24,Navsari,490,800,1500,1150
2019-03-30,Tomato,78,Gujarat,24,Navsari,490,1000,1750,1375
2019-03-29,Tomato,78,Gujarat,24,Navsari,490,1000,1700,1350
2019-03-28,Tomato,78,Gujarat,24,Navsari,490,1250,2000,1625
2019-03-27,Tomato,78,Gujarat,24,Navsari,490,1000,2000,1500
2019-03-26,Tomato,78,Gujarat,24,Navsari,490,1000,2000,1500
2019-03-25,Tomato,78,Gujarat,24,Navsari,490,1500,2250,1875
2019-03-24,Tomato,78,Gujarat,24,Navsari,490,1500,2500,2000
2019-03-23,Tomato,78,Gujarat,24,Navsari,490,1500,2500,2000
2019-03-22,Tomato,78,Gujarat,24,Navsari,490,1500,2500,2000
2019-03-02,Tomato,78,Gujarat,24,Navsari,490,500,1500,1000
2019-03-01,Tomato,78,Gujarat,24,Navsari,490,750,1750,1250
2019-02-28,Tomato,78,Gujarat,24,Navsari,490,750,2000,1375
2019-02-26,Tomato,78,Gujarat,24,Navsari,490,750,2000,1375
2019-02-25,Tomato,78,Gujarat,24,Navsari,490,700,2000,1350
2019-02-23,Tomato,78,Gujarat,24,Navsari,490,750,2250,1500
2019-02-22,Tomato,78,Gujarat,24,Navsari,490,500,2500,1500
2019-02-21,Tomato,78,Gujarat,24,Navsari,490,750,2000,1375
2019-02-13,Tomato,78,Gujarat,24,Navsari,490,500,2000,1250
2019-02-12,Tomato,78,Gujarat,24,Navsari,490,1000,1750,1375
2019-02-09,Tomato,78,Gujarat,24,Navsari,490,1000,1900,1450
2019-02-08,Tomato,78,Gujarat,24,Navsari,490,600,1750,1175
2019-02-07,Tomato,78,Gujarat,24,Navsari,490,500,1800,1150
2019-02-06,Tomato,78,Gujarat,24,Navsari,490,500,1750,1125
2019-02-05,Tomato,78,Gujarat,24,Navsari,490,650,1500,1075
2019-02-04,Tomato,78,Gujarat,24,Navsari,490,450,1300,875
2019-02-02,Tomato,78,Gujarat,24,Navsari,490,500,1100,800
2019-02-01,Tomato,78,Gujarat,24,Navsari,490,500,1200,850
2019-01-31,Tomato,78,Gujarat,24,Navsari,490,700,1200,950
2019-01-30,Tomato,78,Gujarat,24,Navsari,490,500,1450,975
2019-01-29,Tomato,78,Gujarat,24,Navsari,490,500,1200,850
2019-01-28,Tomato,78,Gujarat,24,Navsari,490,500,1300,900
2019-01-25,Tomato,78,Gujarat,24,Navsari,490,600,1200,900
2019-01-24,Tomato,78,Gujarat,24,Navsari,490,750,1400,1075
2019-01-22,Tomato,78,Gujarat,24,Navsari,490,500,1500,1000
2019-01-21,Tomato,78,Gujarat,24,Navsari,490,500,1500,1000
2019-01-18,Tomato,78,Gujarat,24,Navsari,490,800,1750,1275
2019-01-17,Tomato,78,Gujarat,24,Navsari,490,800,1750,1275
2019-01-16,Tomato,78,Gujarat,24,Navsari,490,900,2000,1450
2019-01-12,Tomato,78,Gujarat,24,Navsari,490,900,1750,1325
2019-01-11,Tomato,78,Gujarat,24,Navsari,490,1000,2000,1500
2019-01-10,Tomato,78,Gujarat,24,Navsari,490,1000,2000,1500
2019-01-09,Tomato,78,Gujarat,24,Navsari,490,1000,2500,1750
2019-01-08,Tomato,78,Gujarat,24,Navsari,490,1250,2250,1750
2019-01-07,Tomato,78,Gujarat,24,Navsari,490,1000,2500,1750
2019-01-05,Tomato,78,Gujarat,24,Navsari,490,1500,2200,1850
2019-01-04,Tomato,78,Gujarat,24,Navsari,490,1600,2000,1800
2019-01-03,Tomato,78,Gujarat,24,Navsari,490,1000,2000,1500
2019-01-02,Tomato,78,Gujarat,24,Navsari,490,1400,2000,1700
2019-01-01,Tomato,78,Gujarat,24,Navsari,490,1000,2000,1500
2018-12-29,Tomato,78,Gujarat,24,Navsari,490,800,1500,1150
2018-12-28,Tomato,78,Gujarat,24,Navsari,490,1200,2000,1600
2018-12-27,Tomato,78,Gujarat,24,Navsari,490,1250,1600,1425
2018-12-26,Tomato,78,Gujarat,24,Navsari,490,1200,2000,1600
2018-12-25,Tomato,78,Gujarat,24,Navsari,490,700,2000,1350
2018-12-24,Tomato,78,Gujarat,24,Navsari,490,1000,1500,1250
2018-12-22,Tomato,78,Gujarat,24,Navsari,490,900,1500,1200
2018-12-21,Tomato,78,Gujarat,24,Navsari,490,500,1000,750
2018-12-20,Tomato,78,Gujarat,24,Navsari,490,700,1000,850
2018-12-19,Tomato,78,Gujarat,24,Navsari,490,700,1200,950
2018-12-18,Tomato,78,Gujarat,24,Navsari,490,1000,1250,1125
2018-11-10,Tomato,78,Gujarat,24,Navsari,490,600,700,650
2018-11-09,Tomato,78,Gujarat,24,Navsari,490,500,1000,750
2018-11-08,Tomato,78,Gujarat,24,Navsari,490,500,1000,750
2018-11-07,Tomato,78,Gujarat,24,Navsari,490,400,1000,700
2018-11-06,Tomato,78,Gujarat,24,Navsari,490,400,1000,700
2018-11-05,Tomato,78,Gujarat,24,Navsari,490,350,900,625
2018-11-04,Tomato,78,Gujarat,24,Navsari,490,400,800,600
2018-11-03,Tomato,78,Gujarat,24,Navsari,490,400,1100,750
2018-11-02,Tomato,78,Gujarat,24,Navsari,490,400,1000,700
2018-10-31,Tomato,78,Gujarat,24,Navsari,490,500,1000,750
2018-10-30,Tomato,78,Gujarat,24,Navsari,490,500,1000,750
2018-10-29,Tomato,78,Gujarat,24,Navsari,490,500,1000,750
2018-10-28,Tomato,78,Gujarat,24,Navsari,490,500,1000,750
2018-10-27,Tomato,78,Gujarat,24,Navsari,490,500,1100,800
2018-10-26,Tomato,78,Gujarat,24,Navsari,490,400,1100,750
2018-10-25,Tomato,78,Gujarat,24,Navsari,490,500,1000,750
2018-10-24,Tomato,78,Gujarat,24,Navsari,490,500,1000,750
2018-10-23,Tomato,78,Gujarat,24,Navsari,490,500,1000,750
2018-10-22,Tomato,78,Gujarat,24,Navsari,490,500,1000,750
2018-10-21,Tomato,78,Gujarat,24,Navsari,490,500,1000,750
2018-10-20,Tomato,78,Gujarat,24,Navsari,490,500,1100,800
2018-10-19,Tomato,78,Gujarat,24,Navsari,490,600,1100,850
2018-10-18,Tomato,78,Gujarat,24,Navsari,490,500,1100,800
2018-10-17,Tomato,78,Gujarat,24,Navsari,490,500,1400,950
2018-10-16,Tomato,78,Gujarat,24,Navsari,490,700,1300,1000
2018-10-14,Tomato,78,Gujarat,24,Navsari,490,500,1300,900
2018-10-13,Tomato,78,Gujarat,24,Navsari,490,250,1300,775
2018-10-12,Tomato,78,Gujarat,24,Navsari,490,800,1300,1050
2018-10-11,Tomato,78,Gujarat,24,Navsari,490,400,1400,900
2018-10-10,Tomato,78,Gujarat,24,Navsari,490,500,1400,950
2018-10-09,Tomato,78,Gujarat,24,Navsari,490,400,1500,950
2018-10-08,Tomato,78,Gujarat,24,Navsari,490,400,1500,950
2018-10-07,Tomato,78,Gujarat,24,Navsari,490,500,1500,1000
2018-10-06,Tomato,78,Gujarat,24,Navsari,490,500,1500,1000
2018-10-05,Tomato,78,Gujarat,24,Navsari,490,500,1500,1000
2018-10-04,Tomato,78,Gujarat,24,Navsari,490,500,1500,1000
2018-10-03,Tomato,78,Gujarat,24,Navsari,490,450,1500,975
2018-10-02,Tomato,78,Gujarat,24,Navsari,490,400,1400,900
2018-10-01,Tomato,78,Gujarat,24,Navsari,490,400,800,600
2018-09-30,Tomato,78,Gujarat,24,Navsari,490,400,900,650
2018-09-29,Tomato,78,Gujarat,24,Navsari,490,400,900,650
2018-09-28,Tomato,78,Gujarat,24,Navsari,490,400,1000,700
2018-09-27,Tomato,78,Gujarat,24,Navsari,490,300,800,550
2018-09-26,Tomato,78,Gujarat,24,Navsari,490,300,800,550
2018-09-25,Tomato,78,Gujarat,24,Navsari,490,150,700,425
2018-09-24,Tomato,78,Gujarat,24,Navsari,490,250,700,475
2018-09-23,Tomato,78,Gujarat,24,Navsari,490,250,700,475
2018-09-22,Tomato,78,Gujarat,24,Navsari,490,250,700,475
2018-09-21,Tomato,78,Gujarat,24,Navsari,490,300,800,550
2018-09-20,Tomato,78,Gujarat,24,Navsari,490,400,800,600
2018-09-19,Tomato,78,Gujarat,24,Navsari,490,350,800,575
2018-09-18,Tomato,78,Gujarat,24,Navsari,490,250,700,475
2018-09-17,Tomato,78,Gujarat,24,Navsari,490,400,800,600
2018-09-16,Tomato,78,Gujarat,24,Navsari,490,400,800,600
2018-09-14,Tomato,78,Gujarat,24,Navsari,490,500,900,700
2018-09-13,Tomato,78,Gujarat,24,Navsari,490,400,800,600
2018-09-12,Tomato,78,Gujarat,24,Navsari,490,400,800,600
2018-09-11,Tomato,78,Gujarat,24,Navsari,490,250,800,525
2018-09-10,Tomato,78,Gujarat,24,Navsari,490,500,800,650
2018-09-09,Tomato,78,Gujarat,24,Navsari,490,250,900,575
2018-09-08,Tomato,78,Gujarat,24,Navsari,490,400,1000,700
2018-09-07,Tomato,78,Gujarat,24,Navsari,490,300,1000,650
2018-09-06,Tomato,78,Gujarat,24,Navsari,490,500,1000,750
2018-09-05,Tomato,78,Gujarat,24,Navsari,490,400,1100,750
2018-09-04,Tomato,78,Gujarat,24,Navsari,490,500,1100,800
2018-09-03,Tomato,78,Gujarat,24,Navsari,490,400,1000,700
2018-09-02,Tomato,78,Gujarat,24,Navsari,490,500,800,650
2018-09-01,Tomato,78,Gujarat,24,Navsari,490,250,750,500
2018-08-31,Tomato,78,Gujarat,24,Navsari,490,250,800,525
2018-08-30,Tomato,78,Gujarat,24,Navsari,490,400,1000,700
2018-08-29,Tomato,78,Gujarat,24,Navsari,490,250,1000,625
2018-08-28,Tomato,78,Gujarat,24,Navsari,490,500,1250,875
2018-08-27,Tomato,78,Gujarat,24,Navsari,490,600,1250,925
2018-08-26,Tomato,78,Gujarat,24,Navsari,490,700,1200,950
2018-08-25,Tomato,78,Gujarat,24,Navsari,490,700,1200,950
2018-08-24,Tomato,78,Gujarat,24,Navsari,490,500,900,700
2018-08-23,Tomato,78,Gujarat,24,Navsari,490,550,1200,875
2018-08-21,Tomato,78,Gujarat,24,Navsari,490,800,1250,1025
2018-08-20,Tomato,78,Gujarat,24,Navsari,490,700,1200,950
2018-08-19,Tomato,78,Gujarat,24,Navsari,490,1000,1250,1125
2018-08-18,Tomato,78,Gujarat,24,Navsari,490,700,1200,950
2018-08-17,Tomato,78,Gujarat,24,Navsari,490,1000,1100,1050
2018-08-16,Tomato,78,Gujarat,24,Navsari,490,1000,1250,1125
2018-08-14,Tomato,78,Gujarat,24,Navsari,490,600,1200,900
2018-08-13,Tomato,78,Gujarat,24,Navsari,490,600,900,750
2018-08-12,Tomato,78,Gujarat,24,Navsari,490,900,1000,950
2018-08-11,Tomato,78,Gujarat,24,Navsari,490,500,1250,875
2018-08-10,Tomato,78,Gujarat,24,Navsari,490,800,1400,1100
2018-08-09,Tomato,78,Gujarat,24,Navsari,490,800,1300,1050
2018-08-08,Tomato,78,Gujarat,24,Navsari,490,600,1400,1000
2018-08-07,Tomato,78,Gujarat,24,Navsari,490,500,1250,875
2018-08-06,Tomato,78,Gujarat,24,Navsari,490,750,1500,1125
2018-08-05,Tomato,78,Gujarat,24,Navsari,490,750,1500,1125
2018-08-04,Tomato,78,Gujarat,24,Navsari,490,500,1400,950
2018-08-03,Tomato,78,Gujarat,24,Navsari,490,500,1500,1000
2018-08-02,Tomato,78,Gujarat,24,Navsari,490,1000,1500,1250
2018-08-01,Tomato,78,Gujarat,24,Navsari,490,600,1500,1050
2018-07-31,Tomato,78,Gujarat,24,Navsari,490,1000,1500,1250
2018-07-30,Tomato,78,Gujarat,24,Navsari,490,700,1700,1200
2018-07-27,Tomato,78,Gujarat,24,Navsari,490,1000,2250,1625
2018-07-26,Tomato,78,Gujarat,24,Navsari,490,1000,2300,1650
2018-07-23,Tomato,78,Gujarat,24,Navsari,490,1250,2500,1875
2018-07-20,Tomato,78,Gujarat,24,Navsari,490,1000,2500,1750
2018-07-19,Tomato,78,Gujarat,24,Navsari,490,1250,2750,2000
2018-07-18,Tomato,78,Gujarat,24,Navsari,490,1500,2500,2000
2018-07-17,Tomato,78,Gujarat,24,Navsari,490,1500,2400,1950
2018-07-16,Tomato,78,Gujarat,24,Navsari,490,1250,2500,1875
2018-07-14,Tomato,78,Gujarat,24,Navsari,490,1100,2600,1850
2018-07-13,Tomato,78,Gujarat,24,Navsari,490,1250,2500,1875
2018-07-12,Tomato,78,Gujarat,24,Navsari,490,1100,2500,1800
2018-07-11,Tomato,78,Gujarat,24,Navsari,490,1500,2500,2000
2018-07-09,Tomato,78,Gujarat,24,Navsari,490,1000,2350,1675
2018-07-06,Tomato,78,Gujarat,24,Navsari,490,1000,2000,1500
2018-07-05,Tomato,78,Gujarat,24,Navsari,490,750,1750,1250
2018-07-04,Tomato,78,Gujarat,24,Navsari,490,1000,1750,1375
2018-06-28,Tomato,78,Gujarat,24,Navsari,490,750,2250,1500
2018-06-27,Tomato,78,Gujarat,24,Navsari,490,1000,2250,1625
2018-06-26,Tomato,78,Gujarat,24,Navsari,490,1000,2100,1550
2018-06-23,Tomato,78,Gujarat,24,Navsari,490,1500,2250,1875
2018-06-22,Tomato,78,Gujarat,24,Navsari,490,1400,2000,1700
2018-06-21,Tomato,78,Gujarat,24,Navsari,490,1250,2400,1825
2018-06-19,Tomato,78,Gujarat,24,Navsari,490,1500,2400,1950
2018-06-13,Tomato,78,Gujarat,24,Navsari,490,1250,2000,1625
2018-06-08,Tomato,78,Gujarat,24,Navsari,490,1000,1750,1375
2018-06-07,Tomato,78,Gujarat,24,Navsari,490,1000,1400,1200
2018-06-05,Tomato,78,Gujarat,24,Navsari,490,750,1500,1125
2018-06-02,Tomato,78,Gujarat,24,Navsari,490,1300,1900,1600
2018-06-01,Tomato,78,Gujarat,24,Navsari,490,1500,2000,1750
2018-05-31,Tomato,78,Gujarat,24,Navsari,490,1500,2000,1750
2018-05-30,Tomato,78,Gujarat,24,Navsari,490,1400,2000,1700
2018-05-29,Tomato,78,Gujarat,24,Navsari,490,1000,1500,1250
2018-05-28,Tomato,78,Gujarat,24,Navsari,490,750,1100,925
2018-05-26,Tomato,78,Gujarat,24,Navsari,490,500,800,650
2018-05-24,Tomato,78,Gujarat,24,Navsari,490,600,1000,800
2018-05-23,Tomato,78,Gujarat,24,Navsari,490,700,1000,850
2018-05-22,Tomato,78,Gujarat,24,Navsari,490,700,1000,850
2017-12-02,Tomato,78,Gujarat,24,Navsari,490,3000,4500,3750
2017-07-12,Tomato,78,Gujarat,24,Navsari,490,4000,7000,5500
2017-07-11,Tomato,78,Gujarat,24,Navsari,490,5000,7000,6000
2017-07-07,Tomato,78,Gujarat,24,Navsari,490,1500,5000,3250
2017-07-05,Tomato,78,Gujarat,24,Navsari,490,2000,3500,2750
2017-07-04,Tomato,78,Gujarat,24,Navsari,490,2000,3500,2750
2017-02-10,Tomato,78,Gujarat,24,Navsari,490,400,700,550
2017-02-09,Tomato,78,Gujarat,24,Navsari,490,300,600,450
2016-12-22,Tomato,78,Gujarat,24,Navsari,490,250,400,325
2016-12-20,Tomato,78,Gujarat,24,Navsari,490,400,500,450
2016-12-19,Tomato,78,Gujarat,24,Navsari,490,300,500,400
2016-12-17,Tomato,78,Gujarat,24,Navsari,490,500,600,550
2016-12-16,Tomato,78,Gujarat,24,Navsari,490,400,600,500
2016-12-13,Tomato,78,Gujarat,24,Navsari,490,400,700,550
2016-12-09,Tomato,78,Gujarat,24,Navsari,490,400,600,500
2016-12-05,Tomato,78,Gujarat,24,Navsari,490,600,800,700
2016-12-01,Tomato,78,Gujarat,24,Navsari,490,500,800,650
2016-08-09,Tomato,78,Gujarat,24,Navsari,490,1000,1500,1250
2016-08-08,Tomato,78,Gujarat,24,Navsari,490,1250,2000,1600
2016-08-06,Tomato,78,Gujarat,24,Navsari,490,1250,2000,1600
2016-08-04,Tomato,78,Gujarat,24,Navsari,490,1500,2500,2000
2016-07-30,Tomato,78,Gujarat,24,Navsari,490,1500,2000,1750
2016-07-29,Tomato,78,Gujarat,24,Navsari,490,1500,2500,2000
2016-07-28,Tomato,78,Gujarat,24,Navsari,490,2000,2500,2250
2016-07-27,Tomato,78,Gujarat,24,Navsari,490,2000,3000,2500
2016-07-26,Tomato,78,Gujarat,24,Navsari,490,2000,3000,2500
2016-07-25,Tomato,78,Gujarat,24,Navsari,490,1000,2500,1750
2016-07-23,Tomato,78,Gujarat,24,Navsari,490,2000,3500,2600
2016-06-24,Tomato,78,Gujarat,24,Navsari,490,2500,4500,3500
2016-06-23,Tomato,78,Gujarat,24,Navsari,490,2000,4500,3200
2016-06-21,Tomato,78,Gujarat,24,Navsari,490,2500,5500,4000
2016-06-20,Tomato,78,Gujarat,24,Navsari,490,2500,5500,4000
2016-06-18,Tomato,78,Gujarat,24,Navsari,490,1500,5500,4500
2016-06-16,Tomato,78,Gujarat,24,Navsari,490,4500,6500,5500
2016-06-10,Tomato,78,Gujarat,24,Navsari,490,2500,5000,4000
2016-06-09,Tomato,78,Gujarat,24,Navsari,490,1500,4500,3000
2016-06-08,Tomato,78,Gujarat,24,Navsari,490,1500,4500,3000
2016-06-02,Tomato,78,Gujarat,24,Navsari,490,1500,4500,3000
2016-05-25,Tomato,78,Gujarat,24,Navsari,490,1000,2000,1500
2016-05-21,Tomato,78,Gujarat,24,Navsari,490,1750,3000,2400
2016-05-19,Tomato,78,Gujarat,24,Navsari,490,1000,3000,2500
2016-05-16,Tomato,78,Gujarat,24,Navsari,490,2500,2750,2600
2016-03-17,Tomato,78,Gujarat,24,Navsari,490,500,700,600
2016-03-16,Tomato,78,Gujarat,24,Navsari,490,400,900,700
2016-03-14,Tomato,78,Gujarat,24,Navsari,490,500,1000,800
2016-02-27,Tomato,78,Gujarat,24,Navsari,490,400,900,750
2016-02-26,Tomato,78,Gujarat,24,Navsari,490,400,1000,800
2016-02-19,Tomato,78,Gujarat,24,Navsari,490,500,1250,900
2016-02-17,Tomato,78,Gujarat,24,Navsari,490,400,1000,700
2016-02-13,Tomato,78,Gujarat,24,Navsari,490,400,1000,800
2016-02-12,Tomato,78,Gujarat,24,Navsari,490,400,1000,800
2016-02-11,Tomato,78,Gujarat,24,Navsari,490,300,1000,800
2016-02-06,Tomato,78,Gujarat,24,Navsari,490,400,1250,900
2016-01-25,Tomato,78,Gujarat,24,Navsari,490,700,1400,1000
2016-01-22,Tomato,78,Gujarat,24,Navsari,490,500,900,700
2016-01-20,Tomato,78,Gujarat,24,Navsari,490,500,1000,800
2016-01-18,Tomato,78,Gujarat,24,Navsari,490,500,1250,1000
2016-01-12,Tomato,78,Gujarat,24,Navsari,490,500,1250,1000
2016-01-11,Tomato,78,Gujarat,24,Navsari,490,1000,1200,1100
2016-01-09,Tomato,78,Gujarat,24,Navsari,490,500,1300,1000
2016-01-08,Tomato,78,Gujarat,24,Navsari,490,800,1600,1200
2016-01-07,Tomato,78,Gujarat,24,Navsari,490,1000,2000,1500
2016-01-06,Tomato,78,Gujarat,24,Navsari,490,500,1750,1400
2016-01-05,Tomato,78,Gujarat,24,Navsari,490,1500,2000,1750
2016-01-04,Tomato,78,Gujarat,24,Navsari,490,1000,2250,1600
2016-01-02,Tomato,78,Gujarat,24,Navsari,490,1500,2250,2000
2016-01-01,Tomato,78,Gujarat,24,Navsari,490,1750,2250,2000
2015-12-31,Tomato,78,Gujarat,24,Navsari,490,1000,2000,1500
2015-12-30,Tomato,78,Gujarat,24,Navsari,490,1000,2250,1600
2015-12-29,Tomato,78,Gujarat,24,Navsari,490,1000,2250,1600
2015-12-26,Tomato,78,Gujarat,24,Navsari,490,1250,1750,1500
2015-12-25,Tomato,78,Gujarat,24,Navsari,490,1000,1750,1400
2015-12-24,Tomato,78,Gujarat,24,Navsari,490,500,1250,1000
2015-12-18,Tomato,78,Gujarat,24,Navsari,490,1000,1500,1200
2015-12-17,Tomato,78,Gujarat,24,Navsari,490,500,1800,1400
2015-12-16,Tomato,78,Gujarat,24,Navsari,490,1000,1750,1400
2015-12-12,Tomato,78,Gujarat,24,Navsari,490,1000,2000,1500
2015-12-11,Tomato,78,Gujarat,24,Navsari,490,1000,2250,1600
2015-12-07,Tomato,78,Gujarat,24,Navsari,490,1000,2000,1500
2015-12-03,Tomato,78,Gujarat,24,Navsari,490,750,1600,1200
2015-11-30,Tomato,78,Gujarat,24,Navsari,490,500,1750,1400
2015-11-01,Tomato,78,Gujarat,24,Navsari,490,1250,2750,2000
2015-10-31,Tomato,78,Gujarat,24,Navsari,490,1000,2250,1600
2015-09-05,Tomato,78,Gujarat,24,Navsari,490,500,1250,1000
2015-09-04,Tomato,78,Gujarat,24,Navsari,490,500,1250,1000
2015-08-28,Tomato,78,Gujarat,24,Navsari,490,500,1300,1000
2015-08-25,Tomato,78,Gujarat,24,Navsari,490,750,1250,1000
2015-08-24,Tomato,78,Gujarat,24,Navsari,490,500,1400,1000
2015-08-23,Tomato,78,Gujarat,24,Navsari,490,500,1250,1000
2015-08-22,Tomato,78,Gujarat,24,Navsari,490,800,1250,1000
2015-08-21,Tomato,78,Gujarat,24,Navsari,490,500,1250,850
2015-08-20,Tomato,78,Gujarat,24,Navsari,490,500,1750,1400
2015-08-19,Tomato,78,Gujarat,24,Navsari,490,500,1500,1000
2015-08-18,Tomato,78,Gujarat,24,Navsari,490,500,1200,900
2015-08-17,Tomato,78,Gujarat,24,Navsari,490,500,1400,1000
2015-08-16,Tomato,78,Gujarat,24,Navsari,490,500,800,700
2015-08-14,Tomato,78,Gujarat,24,Navsari,490,500,900,700
2015-08-13,Tomato,78,Gujarat,24,Navsari,490,400,800,600
2015-08-12,Tomato,78,Gujarat,24,Navsari,490,500,800,700
2015-08-05,Tomato,78,Gujarat,24,Navsari,490,500,1000,800
2015-02-17,Tomato,78,Gujarat,24,Navsari,490,1750,2000,1850
2015-02-16,Tomato,78,Gujarat,24,Navsari,490,1500,1750,1600
2015-02-14,Tomato,78,Gujarat,24,Navsari,490,2000,2250,2100
2015-02-13,Tomato,78,Gujarat,24,Navsari,490,1500,1750,1600
2015-02-03,Tomato,78,Gujarat,24,Navsari,490,1250,2150,1800
2015-02-02,Tomato,78,Gujarat,24,Navsari,490,1250,1750,1550
2015-02-01,Tomato,78,Gujarat,24,Navsari,490,1000,1750,1500
2015-01-31,Tomato,78,Gujarat,24,Navsari,490,1000,1500,1300
2015-01-29,Tomato,78,Gujarat,24,Navsari,490,1250,1750,1500
2015-01-28,Tomato,78,Gujarat,24,Navsari,490,400,1600,1000
2015-01-27,Tomato,78,Gujarat,24,Navsari,490,1250,1500,1300
2015-01-26,Tomato,78,Gujarat,24,Navsari,490,1000,1500,1300
2015-01-25,Tomato,78,Gujarat,24,Navsari,490,1000,1500,1300
2015-01-24,Tomato,78,Gujarat,24,Navsari,490,1000,1600,1400
2015-01-23,Tomato,78,Gujarat,24,Navsari,490,750,1000,850
2015-01-22,Tomato,78,Gujarat,24,Navsari,490,750,1500,1200
2015-01-21,Tomato,78,Gujarat,24,Navsari,490,1250,2000,1700
2015-01-20,Tomato,78,Gujarat,24,Navsari,490,1000,2000,1500
2015-01-19,Tomato,78,Gujarat,24,Navsari,490,1250,2400,2000
2015-01-18,Tomato,78,Gujarat,24,Navsari,490,1400,2000,1700
2015-01-17,Tomato,78,Gujarat,24,Navsari,490,1500,2000,1700
2015-01-16,Tomato,78,Gujarat,24,Navsari,490,2000,2500,2300
2015-01-14,Tomato,78,Gujarat,24,Navsari,490,1500,3000,2500
2015-01-13,Tomato,78,Gujarat,24,Navsari,490,1500,2000,1700
2015-01-12,Tomato,78,Gujarat,24,Navsari,490,1000,2000,1500
2015-01-11,Tomato,78,Gujarat,24,Navsari,490,1750,2000,1850
2015-01-10,Tomato,78,Gujarat,24,Navsari,490,1500,2000,1700
2015-01-09,Tomato,78,Gujarat,24,Navsari,490,800,2000,1500
2015-01-08,Tomato,78,Gujarat,24,Navsari,490,1000,1750,1500
2015-01-07,Tomato,78,Gujarat,24,Navsari,490,1400,1700,1500
2015-01-06,Tomato,78,Gujarat,24,Navsari,490,1500,2250,1800
2015-01-05,Tomato,78,Gujarat,24,Navsari,490,1500,2250,1850
2015-01-04,Tomato,78,Gujarat,24,Navsari,490,1400,2000,1600
2015-01-01,Tomato,78,Gujarat,24,Navsari,490,1000,1500,1300
